61146 69376
106393 118187
112592 141086
50346 100784
12061 141150
142312 168267
41632 183092
87876 96863
31238 113753
101902 147079
140212 165807
77251 141752
16875 21445
45546 150005
50497 192266
24774 116068
118764 148335
52987 95076
133940 174626
135706 175930
23445 155010
13336 44701
4590 157060
6593 111234
27708 119388
81260 123860
1066 128163
3447 72194
87863 137313
58497 81893
126258 167010
127216 167393
10902 160672
78463 144672
49568 197288
161541 166339
7992 11786
38876 195889
89443 114565
113488 118754
38726 47127
52784 88271
69607 77513
12848 72729
45092 106688
165056 188067
153658 166380
23018 190610
24108 99804
25581 125547
22306 174734
11636 67737
68737 157253
28595 116639
78559 85724
81294 120900
38977 58921
13069 105163
58635 136700
3954 90204
19660 118962
41853 194803
112023 113580
29627 85136
27764 144591
19158 161592
77660 133767
22194 62800
16360 98851
22158 77131
99387 101380
57460 89210
3873 124536
72395 194481
132888 140889
89635 148797
20200 112887
134182 148555
78272 188569
119325 152485
51854 190940
24905 180853
123011 157551
74969 145462
9440 183821
34616 116390
51475 143505
119304 168757
45651 189499
11634 78091
60505 122505
9744 16143
9214 34380
14941 168665
39407 177839
16094 100179
60437 90145
77074 82128
101147 186469
71971 161493
8787 190337
34401 125635
141043 144268
79455 171628
83689 84292
40108 123212
17499 193162
67638 108866
79114 132353
115884 149478
14345 123077
122113 136604
39016 86588
48291 122622
162779 169354
20942 61939
51814 116691
87016 107984
74950 98437
3043 160122
26168 148356
106996 109690
43803 90094
11630 96699
18375 147530
12365 151066
33542 37568
173393 178476
124368 127416
7314 47920
165568 181577
28095 123182
24952 137155
5163 102273
22844 139568
196784 198477
26093 166263
22221 116487
41801 62682
78981 171748
18505 60195
20886 26023
44559 140522
145616 191653
69303 151911
3189 14620
79473 121759
21657 88546
61197 138381
16827 48192
14981 91499
98463 174265
76249 93277
15096 192728
186172 194429
8369 49963
37249 153634
12270 65545
24822 88051
19167 62434
7912 137303
166067 184487
58292 161251
56491 63581
90197 129215
153549 174008
3791 144122
19927 26110
95369 151899
2372 133984
2195 26547
14017 186663
163042 168802
145617 166217
27651 183928
18864 100427
44935 95012
75944 128531
45460 49034
15230 60401
165745 194483
115127 132768
22765 143881
9634 155556
11866 167011
78770 94280
43239 193590
1696 93354
674 63597
41252 98609
87992 176026
6868 88049
14702 170328
6187 150565
73462 86557
45239 108719
39539 148716
15173 184087
105936 147418
96811 140617
154263 173287
18430 166726
62039 170865
99518 121119
93060 155898
4849 139749
158939 161655
86236 124705
12439 120996
130294 151964
48788 142062
58122 146699
25839 175837
59383 193289
103214 114216
61537 69085
22062 139277
59438 117671
119267 175658
36965 141368
89309 150414
83511 175786
31668 160194
5581 151303
18808 196116
6249 43701
92966 144862
65814 175643
14322 21312
3087 59559
45087 185445
19255 138959
126404 146741
45620 194249
148005 164185
124755 185709
16511 108714
55126 151359
5646 143436
169842 173549
3566 177727
74810 109895
47414 99923
10929 141284
67185 172532
9821 93808
22349 44965
90127 105984
140624 181542
43861 153388
52972 107886
73862 186987
94688 183985
159251 178153
25768 164453
39107 155610
161489 168598
1430 199150
156668 194505
100717 145069
9640 196311
105976 156662
81387 100412
8756 83600
54360 173703
68673 136220
92794 166302
4608 59327
64118 113785
23516 27568
51658 132850
98426 197610
80239 186741
105187 136886
15451 169655
47290 71495
83322 144473
38486 85806
7615 163791
61109 143107
37417 126967
39426 56078
85521 169841
51443 53493
12516 77383
55263 97232
2145 101733
64522 90071
34776 138151
152923 176225
86849 191018
160599 199866
113463 148719
85578 178218
38938 61866
26842 172829
116372 151987
164182 186071
80138 152143
12382 115275
153397 179017
19862 95308
28935 151387
51869 111132
49222 177011
1967 179125
188019 189933
85553 124598
66599 153653
18857 72778
45770 56365
173307 193421
66610 102442
59087 178805
93499 99735
50907 190338
124493 128674
25981 44983
95005 138635
127116 189584
79108 81227
33793 54836
40665 110352
46527 83598
11479 115309
98138 114511
42135 154598
75642 155256
113000 124479
54650 70833
37492 118150
2264 68724
16599 109051
136477 196221
9726 79699
78148 150819
72901 80898
39331 149806
148649 190868
115569 193274
685 13111
98942 138510
116126 152574
12571 144260
150102 171194
78117 120373
26156 83500
45179 161108
12056 27895
64967 65464
1808 114330
57080 101573
105224 109365
65772 154392
81167 100892
57262 140140
20118 23306
47714 68953
32564 58689
61992 145500
124989 153823
78356 191604
100583 135489
52367 83348
46848 190746
129410 161165
42798 44346
30936 31882
33990 185582
69830 103250
29937 43566
62360 143822
51607 101555
62262 125474
107842 199177
14794 126690
184181 188231
69879 131744
149751 164611
5657 56471
175423 195640
116621 160753
84474 160750
2005 141414
111686 137668
183890 184993
82083 97253
27427 52320
123576 160659
26228 139442
14605 70408
52304 159785
128418 196498
80414 197648
53157 194364
16676 167953
133450 162693
99813 124469
14301 16904
65679 162501
46463 77851
97517 151801
21209 25038
18877 100841
29830 176284
28978 43040
54014 151527
157602 186389
110543 177243
80844 122619
80975 153682
63320 86047
144673 199868
64480 115028
23177 70073
14045 171618
31652 55335
105160 186293
44625 146031
38414 87353
120889 140555
50245 53272
112352 180816
81432 183249
10730 58713
98870 158090
8969 169556
131979 169222
6978 189154
77818 110094
77604 131572
91268 148326
27668 45847
77755 195971
61484 159470
16834 198088
145790 188694
195086 196549
6968 75154
3752 106461
11521 126785
82416 123488
106522 119856
5621 128456
20549 180506
600 132263
150952 180693
44501 71352
126283 187942
21241 198447
77263 147600
86268 114940
70628 160103
2394 58991
32529 176521
7479 130046
130651 140483
19474 82218
82874 172554
87394 192763
24392 87881
18069 84434
4901 131949
112882 195480
75519 141525
42828 194107
53049 94400
168286 190802
31630 198604
122966 167054
63238 140168
1428 29303
31509 194809
115609 185157
457 154536
42353 47201
70123 163780
72189 80460
172959 197031
179575 181712
69442 192738
25687 146590
18093 32018
100869 137913
75609 159539
115302 169814
44786 102975
67882 180282
104947 158114
98327 121297
17782 141790
15612 90164
78286 160273
46954 175073
61900 127667
93182 179331
48986 190588
37856 67097
24698 77552
137925 188692
87331 118626
7414 72896
30937 123830
129698 137432
11448 161950
54401 187143
16010 149472
88046 163606
91414 167202
31344 71132
83099 167253
39466 131517
56595 128385
21405 166879
58591 191174
30026 59126
57137 178871
22100 193780
8283 162041
130774 137662
87837 129349
51918 124558
25901 181524
149304 158753
27104 138608
9001 28292
6066 146608
46780 64675
3322 185724
33202 192020
50265 119404
162675 165549
57025 176105
53568 119201
86904 125236
95277 109835
162798 165283
165190 175984
17824 51599
125949 131328
132182 198003
24036 171464
92356 125060
72733 160213
5194 28227
12745 179690
91590 122909
40833 168714
40166 80967
2875 189924
48335 159463
121941 142492
27994 98889
16835 42264
3819 98090
30679 62687
42530 153842
5678 52086
68429 104779
152240 179947
80179 136727
64292 111167
29623 186143
164419 191056
110250 168660
140699 192100
122942 152666
30975 198780
96966 137370
59307 177812
88577 89235
43547 120991
17421 182269
23077 129464
47284 82624
196842 199593
48805 129121
154811 165472
114223 178168
127632 146462
43206 143582
106311 178379
83375 100943
88232 95351
13925 149359
37002 145319
62318 195335
44778 176599
80765 159093
40241 151688
105321 117078
46006 120364
4775 97255
50507 185023
167364 179069
112038 177771
78728 99185
145816 150773
49375 58198
106460 118175
100364 157745
71688 192714
98695 179685
73852 80598
90385 189856
29755 171972
55118 182736
50115 196965
114368 184777
60166 102161
35817 64804
20708 140015
65627 188877
11958 83127
61334 66927
75237 165849
73637 77547
146302 192711
11216 110420
75351 101501
69791 142262
30527 155994
9876 27727
159791 166045
78996 167761
41226 88234
121152 193974
119744 195042
44085 70648
60097 172031
117394 167818
180954 187670
85376 156286
53626 191383
87700 95705
73743 109585
52259 108301
57143 86460
38096 138563
90612 183422
78902 87283
154163 182522
96209 121922
78 36090
45753 51135
27204 67055
97906 103914
35971 38554
6831 86669
25711 141291
148973 188987
89766 191676
98540 189725
124030 152497
33697 174881
108242 195107
87065 122880
19667 67771
53322 194920
96481 105402
27618 101806
110611 127870
40164 71812
42726 43960
51651 85084
115213 152477
28005 96543
7039 123218
105632 159390
121258 166119
163625 184174
16084 121117
59995 184099
13395 54790
42049 112326
81130 176820
47426 113108
26483 151542
99319 157915
54804 150603
109610 117293
89814 150202
64008 72732
59370 172660
47416 113827
325 81328
118730 175845
33792 64622
84281 196926
151553 192976
43203 133329
140340 181046
78331 194393
109187 112041
137280 161160
132832 188830
8331 67218
47570 144490
31728 79397
46909 103327
22428 84763
32113 98136
31965 100681
43284 76131
106588 108431
11711 77457
89466 167485
32728 183126
71365 125995
54934 137461
28049 182766
27929 112288
83157 135333
3893 136026
13186 95900
31573 57836
58857 126483
177400 187208
82518 93279
24453 123679
80452 112744
30119 94448
173903 182098
59478 145504
118637 157643
39036 140312
126758 133896
92624 157462
167541 180085
143102 166919
97873 138243
7076 52466
20359 156445
26560 104908
19651 80571
4899 49694
168792 177852
77738 115238
9288 180904
82026 125710
184320 196055
65033 91614
7653 166689
12303 73570
184738 184903
98179 117024
36717 184959
2670 96669
61404 178579
29940 60989
82740 106837
91715 169693
84420 145177
72637 139771
54398 93734
54179 92083
7931 87123
134999 195058
37863 96423
8685 41208
9797 13320
53732 115007
56431 175908
64977 138012
107014 130324
121004 167736
35681 97331
142639 155399
36797 118218
1960 87782
57672 173882
33143 143095
89445 163475
137352 195865
112442 116418
11273 164223
55232 132408
75712 116272
71109 93502
57631 107418
120904 146662
93457 135651
59075 147921
127487 195300
10821 171016
91792 170707
21520 173131
71677 140014
26749 165042
173857 178902
59421 78733
115898 162423
29086 103231
1368 32873
85841 151473
83485 138015
78610 143177
55941 71427
99153 108272
28516 35769
107666 149403
32916 100152
130264 154747
6210 34912
142190 148918
40427 125056
37655 194898
105757 126936
26817 103377
59074 170147
26055 26494
39764 147031
168405 197438
102998 163143
55270 99439
517 8488
36854 99323
4584 141442
39151 85905
163591 172523
13906 180370
29331 169334
86724 89655
65228 138435
41167 125556
144209 162391
132496 147248
47075 65434
175171 180887
61718 109688
39954 171517
69884 100384
32583 71673
188348 199527
66128 103742
124205 181404
10014 131624
53097 86380
6430 193574
76892 173946
6753 119763
45111 68207
85956 116078
91317 158624
12242 45790
7753 159936
182584 186529
59152 134495
10258 169453
149680 195757
143884 179002
134557 193500
30856 157427
38163 192110
139005 186481
87591 184224
2819 187745
52843 130739
26821 46227
131737 179107
42319 63471
30842 65314
10275 86736
138561 160897
16 64300
77920 193613
11446 155618
59156 102262
2701 115503
90243 158082
46264 84084
71968 134409
20225 133749
18785 28734
114602 198481
101916 172488
16376 188467
46983 150320
26128 125699
44452 154570
23728 189103
28143 80253
69642 93580
127671 194149
75446 95063
166480 186273
123609 179685
133196 154151
22399 87025
15928 92678
126751 171848
5248 49884
15501 45990
6185 151347
13170 55031
67711 102336
48632 139914
71923 143406
72233 142418
92854 150081
71660 76553
129296 133618
108646 192887
16315 26734
23477 161780
24231 110102
50287 105879
61670 94139
90380 183503
42195 196165
133322 187073
131957 133592
54943 190384
126448 136838
32661 63985
107200 117999
148587 177518
100718 177036
171109 187322
60185 187458
47621 138923
4732 101931
3960 95067
60377 100492
9794 95039
46860 140795
17517 177200
4015 172338
40543 162717
20890 69580
148258 172080
61760 173076
13070 135097
14018 131150
85677 146868
14831 85026
33384 58297
4346 173403
95707 191272
70511 188491
12935 196623
24283 157504
130946 156641
7358 140667
13114 198602
53865 120132
113546 144376
165548 193317
2793 48801
46066 120984
67935 148134
30277 37495
127278 156740
96894 185253
87078 132678
9779 59575
75194 157653
49457 189443
100664 129975
100245 125586
53429 57469
38316 95782
21629 101597
50990 142558
50069 158777
39387 157677
106376 135956
46645 163661
137058 192886
191540 198983
89807 188076
89734 149211
49406 68621
15958 96535
144284 175909
52237 169467
18044 108894
76136 137726
124722 166333
4471 41752
136141 153524
27627 33288
57252 184119
111349 170959
35732 88628
136425 146025
46081 65346
95499 147297
57935 165578
184765 193194
7137 100816
37957 95544
150303 184234
85142 183211
15094 76035
14195 196275
43125 189523
109467 135527
6192 157039
86858 176585
