1 10
100 200
201 210
900 1000
733437 804453
657084 705963
314038 827906
725890 786536
228848 434178
314097 368880
635290 721375
400336 832123
362835 803984
828940 848083
827576 891027
367959 861075
921924 961435
426668 612407
139925 894445
183347 996234
331358 518766
382334 840813
743537 764596
326062 868223
960379 990268
47803 919102
113698 590552
441621 945070
279853 456884
338559 610233
321960 476622
446250 517544
958055 995169
459975 556125
471415 486724
956976 995536
997 375011
305798 599998
606496 779597
365092 385029
470391 996727
271205 933049
433662 770638
883707 981037
145374 882469
188574 457187
100412 452737
69049 122665
733373 749092
716216 940267
97497 244750
640382 783790
880990 887150
788611 814404
72791 721718
904837 925673
287555 315188
671268 777982
975217 989581
731159 738174
681995 750656
754154 784399
483190 848809
810318 895425
287931 785814
464708 579802
114491 720091
891124 937179
672405 937868
584760 858815
763061 792032
785430 880049
550441 865881
815272 886461
663128 770102
200207 869236
200584 876191
648610 931111
942193 984564
872713 905003
635892 904706
480158 528031
991773 996834
60190 657836
570299 695406
419361 863864
858475 953957
166938 419503
522075 880070
444913 893267
737800 783815
179347 953102
104092 713018
389567 850344
439250 981526
623385 860730
664855 834559
737156 953433
383695 975173
959243 972091
964791 975546
367718 603585
292542 503259
684300 862910
499027 550011
196180 804372
233206 245130
928227 981320
410901 819601
115906 869452
96442 343978
993054 994274
679705 718310
780445 872140
898535 936468
116145 501467
411682 553414
535165 865371
524937 816222
715546 747867
615031 822408
245019 778104
661862 903962
514809 624916
797698 835987
855506 947370
698446 999677
238372 816702
90997 661958
270970 634868
324482 769815
18756 489078
372590 589814
537686 847907
397372 741559
263297 833720
39133 427883
378769 820230
406823 856698
490814 932460
661889 732063
843743 845192
526921 657064
567562 762394
747877 849723
207709 973350
812648 919552
847028 918113
224627 531126
283316 979441
571492 803645
949548 973938
68376 834001
993389 997269
320707 579821
305452 942796
703534 872621
392796 987359
26915 48119
129343 169935
415525 591757
325290 877777
517116 729620
193367 761243
39605 260320
554328 818555
48802 377785
623728 735917
615010 963788
516463 761023
31765 806954
957426 988564
526818 550204
811710 986155
805316 831454
865128 959120
897138 903104
167384 701253
192013 287272
271284 838766
632774 882849
890195 891309
272625 802204
84044 778129
588242 788030
755981 876496
456966 997205
385224 714211
761058 800537
877260 989498
461321 657845
724513 758957
300436 617522
335881 500271
245617 795976
112324 325136
381086 610110
271339 783712
312095 842609
412110 466424
670505 942007
674908 787435
22123 568989
95689 255579
201229 292578
355583 698087
748943 848214
744043 986900
948705 985776
415849 991983
751503 937687
251279 647782
310995 922674
103656 511852
628178 907777
420851 872061
988267 998241
91535 498440
89047 202255
530870 693684
468037 641490
74601 786340
571549 829258
489256 794562
436370 844483
76268 265628
916704 990825
399676 776437
955791 993495
3827 937045
921724 995157
715688 984580
177373 494997
805603 807043
89734 855707
673158 925829
687506 733596
47215 461655
308432 313577
360015 570062
329096 569362
846554 904163
506918 659400
607558 967684
482457 663188
885408 893661
563551 924526
869013 885071
342909 923953
650216 719611
867580 925241
388695 929774
690115 739078
145289 659158
973405 998226
259113 878599
8430 745350
68861 421498
728739 900451
413531 870066
588065 687791
845699 952742
106564 397565
207935 874228
413605 510821
969532 991252
725631 814045
9074 460713
229446 701234
824411 927634
705434 950787
124170 971736
160957 701063
526158 739701
68922 342311
483106 688075
665697 957638
353400 987809
379896 610529
715313 880862
390768 795094
22237 241318
681862 775492
651314 899478
720384 863645
399437 988850
91303 839708
822799 827656
412006 795771
246097 462707
590677 871457
235312 466284
739904 905078
237041 377192
665091 831645
544066 802180
991743 997271
810797 859881
431485 585918
776119 869757
996829 999393
370815 489507
820305 893433
911065 927402
603876 852564
980657 996336
186996 706734
957600 962983
671689 974742
974201 977550
454310 907964
644772 965365
187909 256621
836496 997374
516298 815965
484417 709464
588956 683387
301690 319386
170969 901672
755213 870908
218594 907731
861567 874586
291008 791248
909016 916853
133029 972462
781502 786080
290574 323900
6540 575522
137203 287314
280251 563461
201052 626527
52179 292115
19990 256372
745792 959464
829812 990787
516691 951136
445210 793038
731519 986293
543375 892376
911670 971819
850918 857984
5387 16018
190034 795608
11166 773502
11178 827515
109210 481882
556856 993380
203522 986457
622530 861569
726104 911158
542131 997750
500442 567654
391615 496278
651150 884974
916703 953658
930472 939203
620953 838144
313677 361042
146274 825565
400572 453580
216592 853033
609132 779950
251617 811492
622095 752107
374387 522893
264311 969673
94819 643442
366485 566325
940900 963086
81817 488646
797001 971182
141160 996512
590445 820428
187916 700980
216645 280908
357526 387308
511526 784618
842547 952752
547502 987635
200738 284855
253965 456671
461032 587351
131215 753526
704772 833301
752236 962894
244145 931150
522159 599616
986600 994658
311057 987020
216488 635930
690633 764140
199640 580751
516035 957414
532696 609112
5441 840230
529429 768022
615172 929024
626828 786465
297988 995014
473334 914491
906294 946067
152362 484965
877463 929064
721378 882650
60983 509683
688521 917834
840254 965778
186653 388113
117328 482464
873257 902976
396652 863940
121514 257092
81851 919800
964002 969227
224043 917488
799696 860720
695191 803183
824408 874971
48143 331593
944665 956276
936652 998780
988570 992182
752479 811008
940992 990840
269486 693683
763846 982042
321205 818523
878213 985673
461762 894136
299168 655498
831473 986384
645586 732352
56967 803782
167836 256726
528946 555072
621362 984894
213964 753486
292084 484534
743698 903003
981619 986926
687702 901881
971305 997478
33613 77611
291407 358750
180076 824242
366607 382725
478525 768774
834918 913703
154599 160442
41480 697053
490743 683100
91538 765348
479058 959165
61651 616064
856210 995937
871153 988314
937058 971294
716769 723214
975456 983734
884714 893477
732410 787395
142407 995942
434615 668899
945057 951331
599540 944555
992922 993242
104172 556030
568133 740014
28611 403260
844025 861364
936741 951592
476279 718971
415832 884210
188508 681986
515033 518057
392834 861824
657397 683224
729379 986107
187356 227238
561367 579343
819789 827028
171722 532345
320305 445389
622955 966510
39667 299998
867936 956066
796999 824414
841435 857513
733335 795143
480566 659145
394052 862452
179188 631680
528774 916315
292758 733866
81636 984380
395037 693722
72501 566256
918442 918801
608351 977534
160953 859450
9004 765462
942680 943875
956261 977027
175779 737197
982284 991666
457163 964132
381343 873198
391830 652395
467015 821392
546681 989358
790711 877248
764197 819522
601115 948122
529446 838278
150386 293980
382772 651309
962019 977958
157489 221657
465984 666956
453443 961545
405699 474474
42890 259549
633607 944143
357640 531329
670487 709391
291451 806767
119338 219412
938301 989200
437027 785013
697484 865827
993121 996672
235586 303987
931158 994950
881687 985990
316454 976912
127062 958351
958334 976705
438681 572373
263201 315416
714806 848425
466140 534815
501581 970702
638940 647723
845803 922241
345780 751575
128052 825357
656693 697948
852221 905700
203869 790369
565619 963310
925464 925483
454586 776331
262644 480599
763570 903337
612938 916466
783579 910433
379727 589521
464617 542195
654795 667811
645112 686239
417801 707035
831540 955936
700495 740349
478550 653167
840087 853422
842369 867240
209024 944877
939376 946853
459278 796149
622221 946209
737941 964808
675311 830571
725561 993343
470742 723536
5264 474855
658823 917574
803654 979939
591156 783715
746033 765147
389174 786783
959256 994946
430256 684351
734097 976702
383578 892572
452102 636470
98251 383404
594508 675302
639778 777904
215791 904830
553169 722078
193048 788729
171236 472724
93836 102780
106634 991147
456810 729507
291382 843148
296875 980563
336113 745912
453378 593362
54781 869947
47761 657723
673322 875240
436018 823557
150782 566591
89222 219572
779302 846751
348470 802541
589149 589690
843096 971176
313725 651015
975255 987313
717395 717800
530580 686172
859342 990868
522091 911854
465954 486561
489760 671282
572025 941354
915871 943607
230032 592653
259660 928321
592689 999138
524802 623853
465941 587741
739292 898799
379460 592103
316667 606332
904890 964716
875751 943352
896759 927841
696825 945959
268662 922844
887093 971513
32537 599052
397450 922197
509309 753865
983787 995762
705754 930011
825607 890588
888930 893970
916774 939312
873210 900079
220199 719067
665803 977139
450663 584127
48209 764147
816402 936871
759572 915455
37383 383706
3063 154720
971121 985866
530914 635365
548573 644283
43305 332978
864124 994701
730013 987353
914299 980248
613510 944842
956877 971149
743415 819493
911153 990361
22976 748964
864769 873683
500229 743566
144571 443854
764062 779878
678265 737230
786390 835486
478212 496119
236833 682214
54679 565312
259588 705102
777483 880360
690679 714158
594637 720794
157723 248472
854828 920405
846960 956109
115930 399156
550123 866651
931128 988358
976248 992630
442334 945782
993534 996569
760595 846727
169580 356633
236130 836814
623759 827427
805775 924578
165210 426822
220410 280592
39085 853938
494802 712375
370649 647425
860903 973422
813031 847528
644798 899014
654376 952148
206948 741398
111687 250147
593314 881835
72399 942457
127342 556456
684819 864295
443969 817685
941949 967106
619222 882307
450151 957883
102963 826132
577859 862890
216713 671406
996640 999132
459874 764883
566808 975330
781014 883984
595299 854723
149191 169371
670390 831665
114691 789093
725016 773282
818248 968767
320051 420187
910338 998041
696075 912142
722772 814607
195264 654036
517409 673830
685460 935586
773005 986150
560864 895118
890884 975790
385787 853489
861346 909011
880316 964942
871601 987717
513602 797451
416749 583598
718719 888639
640430 835820
623007 746817
651594 901584
102705 444803
787121 849121
27003 902911
893534 974040
313948 977149
939538 952095
141665 276245
727792 897072
558808 566581
310118 661944
237159 917824
414675 894360
78723 668835
833780 850596
404865 778202
192560 351967
44283 966483
795146 930176
531261 824325
628369 684329
10460 309234
972804 991012
206958 255581
135562 274451
801338 805083
364502 506661
793210 961298
143926 203174
439702 546789
499509 811685
318394 937310
175957 971544
140223 617490
193056 867676
483448 625688
261380 510544
444486 599154
352604 752880
817900 830320
704367 757951
291988 708919
106865 739295
947109 973791
207264 283641
193247 482533
95847 823967
6498 858837
750155 999582
699534 797798
233852 392623
470039 981136
427334 988707
48273 776228
637233 950130
47908 396747
649787 656894
203989 227446
694829 785768
852213 853330
737015 918489
511761 826336
451421 639318
729859 787128
942063 985737
833439 874399
573140 924527
518076 775505
380360 729736
346481 990358
168672 535227
990841 999542
165993 546258
151048 783401
651221 946408
433339 872123
298294 949965
453108 911979
643588 832996
106835 675130
487112 614757
369592 811308
652338 836065
347768 883696
156935 383531
336221 619631
866929 875571
682541 777964
327995 773365
689450 986223
975799 982131
133491 824499
936764 968069
241036 296990
333789 787396
841644 894487
428775 438056
567071 750197
163918 191010
238360 827824
133421 871650
292870 405542
731412 900063
260650 291607
13428 304815
870951 993258
589006 686341
523885 921955
870932 902618
221388 634324
59937 851683
940817 992475
987617 993069
132160 298245
98679 478237
7295 910998
478113 493535
501667 532604
549335 675738
862716 871952
343868 475911
346438 579642
607758 870252
277238 450387
328967 686613
994085 995937
985842 990876
917950 978603
199873 977446
34904 826766
875048 951376
602651 854088
997830 999707
415097 686512
311150 705508
762573 914534
145677 369764
520389 993941
953265 965993
4351 869528
30058 790473
220900 984478
607655 887105
486720 542747
825561 951343
626452 975951
50415 281062
808855 977714
879037 958968
736047 918705
833020 859948
245005 974299
930377 990620
256091 752616
790877 974686
453970 790338
810294 967627
609008 700402
917360 936694
242193 504754
26126 932559
557178 571434
114498 574620
565689 847984
823491 973868
926749 928933
86311 622028
718696 926549
894565 947411
631665 866776
301966 954791
575920 584402
893083 945373
570319 687854
523278 555687
830412 952814
311612 880960
995580 996997
864742 929971
400570 891494
78426 453800
643506 852917
734127 896422
567451 636147
439345 996506
246849 984311
287842 776978
947535 972821
304102 937976
56587 346292
227620 999319
106261 869760
257365 517346
647970 949361
863742 895060
474110 934950
861266 893392
597190 830929
374866 766896
239708 941146
709306 958238
580578 818506
105692 602932
63357 603715
930770 942042
70313 741747
561060 814689
779616 862592
490278 624226
78932 497095
478710 780898
738964 988413
678868 702142
339531 682190
992816 997374
76324 711221
651020 748126
899338 906688
436557 555010
988121 999564
726263 884975
351413 623207
774342 788970
49772 355238
444549 521910
832574 981499
2956 670149
711951 923491
41299 455247
475187 899277
115775 359899
376651 692458
91076 309026
216304 600518
385339 890772
873021 922655
558053 718844
739682 948513
786921 934408
728159 927290
386986 835500
854554 983064
359417 999363
359466 793502
70140 981461
799583 851196
179710 545961
202882 791943
333646 504263
801254 940721
412836 425583
835259 885488
200980 950773
713025 980821
592632 894334
349331 997406
211836 382031
714887 821273
886209 933762
596162 648295
501331 987756
862550 862684
600438 986236
422686 959285
