372695 376514
393400 394672
615951 619244
346178 343623
523342 527603
683366 687088
754217 754485
727070 730876
113855 116071
440130 439768
676861 677573
184771 181306
674018 669639
866546 870393
567750 567582
700557 696815
456269 452089
403113 406596
119348 120799
920011 918624
453501 451566
502150 501550
98379 95250
134658 133689
249931 246918
568755 571484
934442 933981
688847 689585
303326 300826
666325 667639
342238 346482
636149 634439
309644 306902
816692 820106
465053 465463
397194 398630
400421 399835
620024 616214
891434 893270
176195 171986
935170 939619
638352 638166
568849 567220
828002 830426
642583 639396
137969 135799
30809 27123
400197 395333
883560 885920
780058 780842
74218 74931
31922 34821
752486 752950
682795 682084
438198 439920
66780 70459
191607 195779
78578 75335
796665 792864
811895 809991
917563 916155
126193 128290
647398 647416
313654 315152
326769 324886
329572 329024
794707 794262
836176 833925
361157 358002
769040 766012
333098 328453
421820 418092
68583 65941
822364 820181
309967 308739
641544 642278
612816 617571
613240 616064
105644 100840
312214 316117
194997 193767
323582 325194
674260 677140
343098 341494
558768 560617
687754 686543
569623 568830
190434 192852
391266 392322
482327 482995
750293 751603
310120 307950
18039 16972
249360 253696
814047 813710
469944 474515
488603 488363
183504 182668
329281 328431
802116 804165
524986 526919
300574 303829
283833 283032
130334 131691
130896 130292
704816 708849
696119 695559
195069 199348
221477 224687
636376 633902
642782 638358
57274 53197
400684 395984
93152 91975
437949 437819
866443 861815
346622 347680
485140 484462
660124 657072
593134 596483
918073 916265
184356 185780
39662 34828
805138 803161
544005 544933
840114 837451
777409 776292
919101 919165
181269 182836
661836 660952
523785 522456
733178 738161
165014 163337
585277 585014
464788 467499
588225 590232
774681 776346
645555 643994
128637 133498
651988 648835
37872 38831
680483 678106
493557 490924
938179 938561
469950 465002
696255 691903
873228 876671
889323 892828
704503 709041
817584 817686
631505 628117
759627 754673
905764 908251
195729 194781
537878 534110
35567 38947
456282 454243
234873 234361
790782 794360
46995 48917
75272 73186
37545 35364
220137 223683
788038 785739
755426 759952
713016 717739
130011 125086
141554 140714
10901 6475
141346 140002
750257 754663
644462 643981
568338 563671
694345 697158
133715 134777
12723 8597
389917 385682
648972 650995
394234 393546
814392 811522
403129 400157
346163 344964
861252 857268
381804 380202
691484 690729
913081 913351
687247 691463
82481 86609
224398 223414
25483 22932
610272 614760
80074 76131
314674 311063
262504 258313
85685 87662
438582 434159
845201 847843
708060 710786
191224 195719
943474 947281
769899 769418
19217 23670
55206 54328
54925 58112
615182 611223
542230 546164
443056 439288
60176 59387
389284 389718
243062 240206
593884 596562
367351 371934
159519 155793
391949 387225
201742 201516
198572 196412
912936 912695
882032 884418
491646 492939
857768 861576
538326 539583
737445 737379
334774 331220
835441 838025
693574 694930
527061 531558
172173 168072
716175 719369
925751 923437
479349 476384
697587 696083
55984 56649
348549 352305
591516 594425
79532 76691
288980 293568
678687 674678
620537 620834
941495 944962
720748 723421
840778 843328
935693 935987
752936 750723
186335 184478
376798 375540
343899 341330
826711 823208
921480 918951
463980 460005
768431 770433
178941 176671
646093 642585
739376 740529
756497 756477
458871 461583
72380 71213
824826 826746
875895 873371
592708 591897
652715 656247
519456 516401
834086 833026
352663 357077
182558 183708
918545 920296
897194 892420
594755 591507
39036 36900
207865 210121
898279 894405
11662 9878
182363 186377
758596 755717
926186 926641
519789 522882
436535 436903
844241 845325
351740 348844
356267 353268
116866 119124
493559 493379
164703 161494
313547 315680
703706 707246
50160 50450
842567 840448
922496 917919
258558 257497
443250 443757
628030 623680
913630 912843
594835 595812
493818 491656
137887 139716
539638 543286
551745 549153
164925 160468
354544 355991
355990 351755
463340 466265
858166 856151
13305 17375
686963 690773
843410 845610
458537 458443
294949 291731
547564 547373
443750 442912
355795 355000
339762 337064
211785 212795
823812 823550
840451 844282
6541 10457
206516 211054
522553 526746
830533 827342
494715 494311
678498 674349
624084 627715
690201 691069
247108 247979
745003 746762
314124 317617
490617 491054
559176 557207
236119 231597
198515 203317
738739 739937
375820 378683
485151 488534
931958 932912
662983 667395
415734 417094
543315 544133
885554 881445
782689 787594
788454 789969
148842 152191
338227 333239
152421 149392
444917 447129
637866 635844
625112 629869
747853 743239
669405 665728
767317 769494
87182 89640
371825 370941
740749 738944
141685 139350
542096 541040
167327 169474
738944 743433
138792 135976
492185 495226
890005 894813
287136 290992
249197 252798
904762 901995
507135 509391
923020 925040
84163 84602
296859 300041
74130 73408
578131 580347
849634 847593
809819 808227
95461 92174
723263 721317
592469 587722
684276 687783
562381 562797
740375 743173
859273 861368
84319 79895
220599 216624
586277 590471
578499 579381
503848 501377
62491 67363
50216 49733
908744 907036
83217 81362
347248 349377
571623 568914
889752 889325
279421 275852
118178 114350
41161 36585
488939 485177
595214 594298
568418 567254
645443 647492
340649 337367
350918 348964
477890 482589
303604 301804
471481 467136
840195 836859
203100 201611
743030 742095
348080 348184
479054 474310
339603 338609
824069 823442
616134 616500
259784 258904
165729 162529
821799 823981
589453 591170
92132 90871
390727 387727
681570 681174
472322 468436
911359 909823
421659 418995
776517 775609
129405 130559
876341 880418
764020 765016
923211 923914
130697 130385
12173 16326
490714 489915
633542 633189
104387 106246
607701 606102
77288 78819
484744 483674
277580 281902
281450 283544
146453 145949
325144 324479
337580 334524
133783 137277
88636 93266
684015 687854
534702 537959
307362 311181
930960 934272
948522 951177
812549 808499
244076 244118
611903 612192
357366 352391
76571 79055
763290 761317
537893 542260
518658 521046
589183 584814
834201 838483
158254 160823
883656 880890
497476 499964
295989 295306
287362 283109
866683 869610
713039 714325
201694 196905
224762 226942
446374 444983
551276 549913
430526 432811
56131 53600
798153 795576
866186 864165
233991 231756
169449 171981
638160 635299
630910 633124
48258 48136
805776 801502
166473 165588
77144 75289
59128 57268
220397 217901
766646 768274
430369 431200
265387 265345
333281 333830
333170 334672
390379 391940
825572 829380
69734 67316
253773 253356
654853 654422
738952 736450
757235 755886
918485 915012
299659 296458
391717 393088
949762 952180
437799 440904
133951 132714
664243 664351
332582 335840
635182 636280
74917 75932
394339 398193
64053 68144
791183 794729
555937 560746
185848 181255
198252 202224
358098 356335
550270 548927
858133 855410
13633 9150
88423 91028
144141 140075
163126 160823
356918 355462
680764 685077
640450 643254
947457 952038
448989 444838
168051 166149
413288 409242
55199 59818
781395 777085
749114 752873
668555 667518
29908 32750
503494 498801
639974 635078
286348 290964
496369 491580
257007 256296
390243 388532
98319 95812
453789 455088
900178 902586
670224 671473
530786 529462
250220 249904
691714 693160
740849 740939
858777 858838
787930 787034
538204 537985
936203 933624
922246 918725
163065 159386
469784 469369
429708 427345
454236 450818
947707 949273
745355 746325
730604 734872
458963 454165
737799 737275
72382 75323
110446 113419
325195 322674
893214 889187
215790 219699
182306 182344
252824 255929
55837 58072
155232 153254
762131 763646
136113 135703
576660 572890
145717 149239
807211 805366
209778 211235
485256 481845
822168 822807
493464 491838
441996 440676
197411 195463
768701 767000
723340 721054
468781 468656
836705 837529
412702 409623
490805 486993
139932 143888
261672 258790
886708 883414
305919 310603
657813 655033
213856 218529
55984 55409
320322 316921
376492 379698
293444 297607
121679 125472
334791 338176
662303 660483
445556 441864
730505 731705
643994 641593
417238 414930
198647 201620
371151 372131
641275 644732
426871 422430
826311 824551
279536 275642
872406 876745
464867 469676
508742 504073
28123 32346
193590 193787
93212 93291
346945 350521
379033 376833
782905 785074
714681 718942
902942 902994
887049 887707
622012 621371
826055 827492
692099 687563
654200 656347
945152 943401
732919 733573
632831 636410
346957 347068
563477 562078
349047 353227
187396 190715
35330 36393
915207 912314
436356 437613
26411 26956
579465 583681
24907 27541
73729 72701
532896 531317
394509 390559
413467 416721
716629 720527
869248 871632
767364 765914
148382 152563
624794 621820
268797 265889
284781 288272
313295 313023
127088 123580
547090 543523
499139 496763
101718 103629
343696 343491
283889 279336
598421 594689
58270 56451
468815 467157
861897 857041
839221 841199
529606 527170
650844 649872
658625 653793
380759 377156
232139 234518
665764 664698
39423 34813
34257 30983
453498 452855
144921 147472
726845 728576
132727 136065
890306 888977
928708 924905
285192 284583
947336 944270
607371 608445
66466 61521
5102 2177
423813 428803
105880 109417
429843 427982
267044 269242
294905 297040
409274 405457
491491 489995
346868 345028
195929 198154
928737 931704
513674 508846
529789 528999
805649 807596
312022 311157
469899 467591
360369 361325
829222 831187
550332 550871
147049 147959
777040 777109
254394 259365
650311 647042
58744 62597
602571 600933
726704 731637
205866 204041
221310 218091
57295 61991
925798 925687
645153 641069
916844 920335
697494 701277
888239 890973
943234 942776
248781 253637
515171 512437
930824 929465
682255 684875
274915 275931
910437 906576
403671 398794
173817 170914
416233 418160
100233 104002
302254 306052
135738 134594
560070 560515
758273 761871
604112 599259
268883 269692
20161 18635
12058 13082
363301 361600
671264 676244
720408 718849
580129 580128
346918 350962
677019 674513
217853 218181
897665 901466
499909 502596
744915 742877
894104 898718
366277 365483
395076 392023
83326 79280
787058 790559
70080 73683
122475 126133
567675 570613
591380 587366
538864 539791
146013 143297
473888 477450
486208 484034
377059 377966
495329 495097
601230 601629
108089 111457
440210 437513
370310 372023
20802 16257
162839 159448
889550 889142
758830 760421
622466 620408
350474 353280
118780 118234
353657 348743
416114 421010
898441 895303
610232 605395
66469 68989
549985 546434
813611 813041
95854 99549
834171 831886
577749 575392
726886 723563
643856 640630
450187 447638
404092 400679
96419 94366
180542 177377
949054 946410
516108 517609
395034 390658
607658 602986
213169 216730
940949 943650
239673 236820
790671 789154
343619 341095
504821 501919
369080 373808
807640 811457
571810 574400
573880 577614
59578 58033
103542 107762
900768 897647
34543 29823
376004 374570
612128 609763
684589 688307
691421 696030
114027 111893
899551 894954
905867 904024
535303 531361
825997 823266
521535 524251
570635 574877
134472 133592
788062 785177
59875 60503
529212 526040
255204 258935
227065 226100
574440 578060
646481 647284
514989 513429
751851 750720
66464 63535
469820 466097
104321 106781
846025 849166
26005 24837
435272 436827
199713 197989
153639 150338
536936 534528
158628 163368
59582 61788
290645 288437
87704 82851
707273 705570
770913 770915
90770 86370
173745 177965
181652 180069
606526 609553
816682 820033
495743 499341
856065 857604
48618 47439
830631 835318
815002 812515
570943 572830
646008 641013
27353 30998
495296 492091
153601 149801
375525 378325
470998 470162
234770 234832
87070 90855
897415 898872
262093 265295
943107 941101
841765 841536
620999 622625
504585 501955
12563 17024
578866 573889
886339 886895
572976 571851
359403 364393
554708 553893
415192 417352
258651 258807
60782 63940
436142 431234
20411 19796
14269 10147
75878 76849
717843 713807
615376 616410
493452 490569
764495 763799
798541 803023
520265 518923
510702 512885
361027 365353
303725 306978
755806 752035
89540 91701
305929 303235
239469 237041
907074 908641
880716 875852
672319 669494
809519 805207
541089 545093
149548 150160
707747 708231
415856 417308
683965 679237
88305 90950
430846 431940
572044 568072
363959 368862
129658 134109
129914 125280
378861 375029
711710 707101
877175 878417
514867 514436
850363 846016
664685 663599
79391 82607
605962 605213
731147 729459
185793 190680
150609 150734
427285 425593
532218 533093
367669 363751
285679 289492
372118 376672
841492 839309
912571 911386
144159 142434
172525 168862
724328 723707
839172 839052
439382 438649
775869 774640
21909 22468
59731 55356
386936 386542
134790 137196
685483 688267
239311 239123
14686 10855
493669 498568
739008 737535
795010 794952
481387 482812
80423 80896
765800 761514
349221 352940
400942 404166
96488 98659
614578 617213
463423 465862
544694 548541
810409 805546
244289 239343
233793 229396
431316 431398
906662 903239
688427 685896
322342 317869
461287 460098
365909 366743
378073 373527
883877 880370
678599 676725
612470 615678
149279 153052
629309 630639
692252 694726
471129 471499
478162 478785
907325 908378
199783 198654
264630 262066
223682 219839
848559 849518
430912 434278
344933 348676
149895 154055
389489 394128
541644 543225
624344 627045
570427 575173
86576 85745
598561 594713
860759 862345
536502 535500
56352 51381
290159 292517
891681 896388
291673 287063
422975 418460
181035 176736
761636 757194
753932 757087
421590 425097
493326 488485
900311 898486
589090 593563
334843 336547
853942 851648
571110 572352
228466 225998
654866 655678
279517 276218
583843 588475
721383 720435
743537 748257
851263 850973
618945 621426
208816 206341
823168 825561
207987 203774
576886 579519
