850 8894
8519 8815
8058 9504
4151 5815
9644 9988
9715 9970
5862 9219
2817 7556
6364 8352
9736 9762
340 1321
1352 8338
2742 9427
8746 9008
7338 9971
7931 8583
7428 9517
633 2255
1961 2348
8060 9156
1575 8342
9456 9927
4781 5687
6788 9956
3507 6984
2083 7212
2308 4411
539 6206
5207 5628
444 3964
8731 8956
5611 5665
3594 7792
1479 6268
828 1943
8226 9982
2202 8629
4731 8277
4932 7863
4332 7965
7003 7268
4621 8327
5893 6446
1032 6704
4445 7756
8967 9348
2702 9089
6869 8473
7028 7793
2495 7049
6062 9883
6611 8258
5348 5409
3872 9818
4294 5593
7484 8259
9569 9801
5524 5623
8017 8591
3186 6024
9868 9950
9042 9704
7110 7650
9390 9904
2176 8375
1410 5105
8430 9154
8225 8523
1463 3842
8689 9703
1205 1526
516 2266
6509 7558
4245 5098
2378 6649
2248 2653
4268 9547
1124 1600
4632 6968
6665 9562
2826 4390
9155 9270
8781 9619
5049 5319
6267 9359
8372 8551
6 9570
288 7355
3357 9263
4960 7417
378 2170
5751 8593
7510 9748
547 6607
2019 7699
4838 7012
1825 3354
8308 9665
6679 7124
7732 8276
9507 9573
2829 3925
7228 9130
1407 2399
1687 5839
3605 9604
8466 8888
9454 9893
376 3463
1368 6656
8490 9276
1490 2213
7795 9022
9108 9748
3020 5821
1424 7291
7814 9093
743 8371
5719 9058
9217 9466
4625 9342
4236 5243
8225 8682
693 9966
7691 8660
617 6023
694 7733
4212 6932
6561 9956
6696 7312
3760 7178
3522 9274
6612 8804
8680 9242
4418 7516
7203 8183
1262 4692
8534 9370
470 3770
6203 7668
8970 9350
4134 9026
351 5534
8158 9403
4223 7377
2924 8568
1738 9408
3721 7676
4166 7347
7511 9338
8238 8720
8019 8880
8983 9301
1619 9931
9279 9346
5910 9563
4201 6877
3320 4310
1874 8710
3283 9567
6978 8388
2079 7213
5019 7266
7964 9323
2089 9371
6789 9847
6043 7493
9112 9872
4360 7949
9449 9726
9965 9977
6037 7352
3434 6997
7717 9431
4893 9111
4435 6619
5870 9953
8739 9483
7160 9847
602 8493
5230 9355
196 4015
4263 4667
3074 7683
2137 4587
6280 7933
7856 7962
9029 9995
5989 9451
5428 7907
2875 3607
4109 6979
113 2438
4047 8866
7765 9102
5046 5093
4359 6026
383 8033
346 6068
8822 9453
2175 8541
5823 7979
6401 9527
25 6961
9710 9788
4753 8422
3971 6045
9608 9806
9735 9834
5550 9634
2187 8683
1292 9070
8764 9710
1768 6341
2697 5347
2372 8809
1092 5815
1220 8819
7745 9383
6795 9575
8474 8904
43 6866
1303 9902
4985 7273
5710 7020
9330 9423
3987 4974
6913 9392
4009 8992
3435 8073
8604 9424
1978 6574
2885 4239
7643 9196
3210 5982
6781 6905
5898 6649
9892 9927
2497 5466
7888 9403
29 1199
6551 7927
6464 8116
8645 9811
7357 8936
6309 7465
3001 6665
436 6460
2008 7585
7979 8896
9478 9535
235 8546
2524 8420
8857 9151
2864 6935
4651 9417
1900 6039
5930 9131
9100 9977
7761 9409
7013 9433
9232 9905
1809 3507
983 2910
4731 5229
8728 8862
4606 7223
8947 9275
270 4805
9099 9942
5749 8605
646 8549
8252 8469
1275 8885
1093 6009
5214 5312
7416 9285
6486 7507
3778 8513
184 8166
1709 8489
8340 9566
5515 9705
8632 8692
1949 2528
1212 3776
9917 9942
1447 8787
5004 5126
3115 8505
3727 7571
2566 9448
406 1681
1418 9459
5476 5844
1304 6608
123 5930
1661 8461
287 5610
5017 5296
1813 9070
4331 6250
9900 9990
9205 9304
6626 7744
4542 7835
3654 5675
7570 7582
5092 8606
5483 5580
8001 8200
5661 9727
4135 5061
99 5619
2096 5866
1495 9058
1042 1069
7762 8326
7194 9644
7047 8398
2997 8662
7572 9801
309 9852
3727 6836
1955 9219
6574 7690
1679 6258
733 6542
2829 9773
1025 5374
5506 7421
9409 9809
3377 6046
2439 4342
2538 8876
4631 8969
7366 9064
8436 8511
7230 9886
4466 5209
2510 6047
3482 4959
3271 5033
8551 9289
4320 9059
8176 8674
4782 7445
5464 8336
2248 6019
4227 9219
2045 5769
5610 7154
2091 4387
7357 9753
284 7262
6303 8937
7298 9376
725 5153
2083 6787
8247 9659
5484 5750
8542 10000
8585 9112
7264 9901
7980 9773
6992 7615
8225 8964
8297 8961
3565 4464
9112 9745
703 6988
831 9839
2304 5761
8080 8291
1336 5743
5612 9560
8561 9612
7136 8926
5843 8731
2222 3460
3690 4386
5175 8650
1695 4869
7072 7792
3327 5190
9144 9517
9335 9771
1724 3011
2221 4795
4019 4185
4404 5385
8974 9961
8122 9454
6322 7997
5865 8330
5710 9700
6553 9860
6351 7800
8428 8993
634 5603
9712 9835
5178 7887
1981 2390
6525 7995
3079 7872
3856 7691
825 1963
387 9001
5689 7593
9633 9764
6435 9887
8165 8293
1795 2295
6507 7967
4642 8646
1335 2722
8911 9836
8964 9723
8217 9716
1385 6576
7231 9434
2703 9934
4532 9832
3903 6965
7896 8037
5589 5690
2649 8160
9297 9938
9731 9939
9305 9757
9760 9869
1655 9429
9301 9460
4233 7872
6674 7765
2823 4250
8905 9825
43 1959
5976 7646
3343 9826
497 7356
4175 9006
7574 7574
9828 9960
5292 5573
8473 9523
1112 3267
4312 5322
1638 1880
6548 8328
19 1725
2314 8928
2033 9624
4213 9760
5204 5415
7742 8498
4568 8350
2238 7083
9888 9934
6798 9058
9935 9963
6840 9952
3106 4611
6878 7595
5757 9296
9598 9670
2633 7150
9499 9624
119 7265
1755 2595
565 728
3173 6789
456 5331
5387 7379
348 6586
1813 3108
7781 8961
4449 4888
7801 8655
1496 9446
7462 8132
3618 3660
6074 8849
8085 8998
5462 5739
5323 7104
3882 7530
4440 9531
5694 6873
6388 8506
3925 7020
2589 6711
2813 5493
7516 9944
9421 9750
3533 7588
8915 9346
3632 9440
1889 3518
8663 9222
583 7315
273 6898
3437 6391
9591 9606
2679 6012
1735 8266
8253 9219
6889 8883
8665 9271
9727 9789
9878 9962
2347 7713
2539 9643
8725 9279
5185 5317
7886 9766
1629 6626
2421 6951
5108 7845
2438 3461
9977 9992
2055 5065
7162 7873
1669 9628
2548 4436
341 6021
2865 2976
1970 8295
7025 9026
9665 9992
6742 7338
4141 9550
4507 9984
8889 9735
9740 9896
8706 9066
2972 4463
6324 6908
9232 9534
1612 3896
7705 7872
6778 8674
6950 9909
3732 6592
7331 7351
7272 8480
1385 2807
7925 9006
1099 5936
9703 9793
2668 4835
7901 9713
8953 9467
3650 5262
7984 9761
1241 3682
4523 7560
4509 9367
1803 2426
9487 9579
5264 5907
3001 3735
610 4679
2905 9300
781 1227
6056 9770
3569 8178
9721 9904
3044 7392
847 7426
720 7614
6970 8869
6616 7305
1922 7507
8770 8828
5619 6529
8254 9521
5730 7318
7850 8147
1561 3709
5578 8340
9979 9988
4305 6339
7363 8336
3496 8550
7877 8138
9149 9411
8525 9401
4169 7294
7884 7926
232 9871
4786 7675
8170 9093
9636 9647
5507 7569
7548 9182
8856 9642
4003 7637
125 7336
8387 9943
5977 6562
4627 4897
7034 9305
563 5316
5461 6349
792 8040
1276 6543
9058 9987
9423 9718
9542 9812
9104 9886
6151 9906
1979 5063
8316 9387
4111 8215
3430 4769
8852 9243
1852 8226
2412 7802
2655 6614
2925 9024
4264 6790
5646 7828
7521 7959
6803 7278
2427 5532
4315 7720
7875 8314
9262 9682
6850 9796
5588 9947
3648 8333
7471 9362
1380 7019
5942 6298
6252 8578
5323 8140
1673 4648
9236 9944
751 5090
577 1957
782 3506
4308 4650
2047 8670
98 6166
4153 5850
4678 7654
7606 8759
6805 7177
4568 4861
5866 6270
1181 4105
3262 7746
3415 4719
1745 5281
7240 8135
926 4527
8938 9371
9411 9491
2690 8592
4830 6250
5365 9809
2593 7368
7460 9433
3595 3825
888 8089
6707 9140
8347 9197
3145 5976
6187 8763
9280 9506
2379 5652
9084 9364
8701 9375
7255 8820
3765 4448
3592 9772
477 910
6053 6089
2429 4462
5487 6381
7069 9599
4752 7630
6225 7709
2 7373
4807 6362
4420 5616
700 8753
5368 9943
3949 8619
2348 3867
6150 6839
967 3089
3359 6532
8126 9888
7403 9031
949 9482
3507 4956
343 3242
7003 8499
5716 8981
327 7998
2219 3651
2591 9475
5939 8166
5446 5811
2964 3051
9610 9891
8629 9605
8170 9407
4696 8396
3596 6771
4007 8711
165 7710
2450 7110
3148 6577
9722 9817
8590 8784
8828 9199
3056 9181
5971 8922
4161 5842
2486 4505
2001 5910
2207 5884
5603 6831
2563 9900
387 1316
625 5136
4033 6663
6116 8637
8613 8838
8423 9058
8746 9764
2347 3747
7945 9127
1875 6237
9676 9717
1367 9590
524 5790
6405 7770
9861 9922
5883 6222
9878 9976
4702 6337
2078 7691
563 8400
3985 7071
3360 6909
6798 8193
9815 9975
5111 7256
5672 9364
296 6855
5946 7026
2572 8916
9053 9326
5652 8256
2024 5843
152 7871
7611 9897
5184 5752
814 8064
1160 6424
6093 9465
481 9553
2051 4945
3658 5583
6989 9443
3206 9226
4887 7602
472 9477
9529 9751
1829 8878
1674 8610
9512 9584
2564 7090
9838 9983
20 1336
1145 4427
7047 9481
2935 7246
46 6029
9031 9877
3447 6181
6535 8229
3244 7185
2324 5278
5036 5693
7102 9667
8785 9407
7770 9257
5524 6485
8283 8880
5813 7967
2997 5259
686 2019
6146 9011
3894 5313
6995 7523
1833 4959
3808 8631
9583 9925
3761 7274
3703 5077
374 2379
8387 9677
9037 9482
3429 6823
7340 8555
779 6467
2430 7748
2021 6116
6084 9496
7430 9916
7932 9965
2445 8569
9716 9970
3248 5520
1913 4039
3601 4846
4050 7459
7596 9612
2318 6200
5580 8246
2233 8408
7218 8744
6583 7973
9754 9952
9476 9550
7516 9531
4485 8347
184 4122
5288 8940
3922 6218
8310 8973
5976 9708
1515 4935
1111 1956
3517 8623
1073 7519
8312 9999
8104 8837
1388 2721
6763 8484
1183 3219
8746 9199
4521 6349
1827 7156
1553 7321
7366 9069
1222 1694
9972 9996
3164 8601
89 2962
2033 6201
7811 9584
2738 6729
8260 9930
9314 9839
1425 2472
9850 9877
3985 7971
2970 9605
5223 6003
5155 5301
328 9877
4234 4907
9348 9704
2522 6897
1097 9701
8529 8573
2030 8611
3422 9847
3955 4727
5844 7698
9816 9979
865 5776
7405 8342
6544 9854
2588 5752
4622 6504
956 7071
7843 9709
3288 6838
3342 4890
4451 8004
988 3448
6186 8515
3162 5851
910 1002
4187 9478
1651 9533
5757 7642
6357 9396
6611 7618
8115 8186
6618 7840
6725 7714
4273 2832
5723 3295
7366 1933
8107 3999
1816 77
5015 2556
9234 5709
6819 6545
5505 2110
6148 466
2813 708
2488 2468
4518 2095
5091 4664
2522 1018
7466 6927
1758 1706
2309 581
4296 1034
2090 1878
8104 1809
490 150
7918 7068
1425 70
9859 4253
3390 1695
3137 2149
387 143
1654 263
8654 290
5618 325
3834 3193
633 270
6482 2829
8712 1761
5106 3515
3669 2463
4190 1616
3678 1962
8488 1461
1133 800
2787 699
8995 1641
3192 2718
5670 2220
2820 1876
5868 3557
9260 2216
1638 979
7515 3206
2874 1187
1931 1234
5121 1382
6299 3019
9607 6759
5787 1955
4075 3847
109 69
2974 14
5117 89
6226 2464
6227 741
1712 1645
4258 1963
6081 4539
9353 6435
508 50
8407 7358
6235 4677
474 411
8412 1743
4426 1929
6371 3027
6037 3422
2776 508
3690 480
1556 1000
5264 4119
2007 1914
8962 5512
5314 3362
7463 906
5589 1759
5840 3106
9452 9158
507 437
2091 426
1650 967
7408 2100
9266 5023
2704 1203
2450 2235
4910 1637
338 181
3352 2711
723 382
5230 870
5199 4695
1633 349
80928 84783
76841 78698
87417 92834
95271 99080
25763 97274
78723 85978
77170 86030
13809 16866
56066 88804
