728058 455114
205853 658126
938767 914275
510959 537219
756138 728277
549515 378469
223348 436633
341868 38738
469638 503580
361470 219783
735319 610273
100442 275607
399807 976069
667037 754744
831847 506590
182564 559096
946448 309309
473189 341133
633276 628115
108269 213641
25212 634992
130162 921516
246167 592166
592212 842196
514132 694796
920949 802639
50469 757023
717105 23441
114864 574466
99452 765249
827195 748006
306903 613869
241138 418436
613103 376606
125784 45383
380370 94663
516680 128584
377550 1431
86311 352049
713064 6446
194217 964930
918134 328043
595004 459506
611418 261284
163412 844717
945947 74607
931348 780860
395233 124573
604950 886147
53837 457735
918551 941283
216499 604608
378050 319616
617909 169706
379287 160733
814269 685348
63032 115042
121430 399713
826640 567040
789735 353620
826592 824427
754062 318791
692968 822854
85717 196235
196974 840477
254292 658122
769198 518475
329699 428792
534110 865852
596409 432488
541020 700109
822886 580027
239222 787216
72233 706675
243286 604139
955887 104869
858504 773855
418537 105933
298345 551975
272520 99324
619695 969143
234584 24684
449231 842659
228406 269876
488527 237665
214767 384790
762792 513255
998519 682550
341015 247086
344963 134694
800704 13145
438147 661212
938751 811630
220671 599365
859725 45890
534349 729458
981644 952052
422701 643056
867312 811343
563521 265207
768137 963283
180459 63352
704816 145870
485061 370777
698126 450851
255736 737469
885956 415404
100985 199036
932922 394300
493606 846834
371272 528189
888569 321907
494330 532856
337062 917340
37443 44788
494679 61701
78786 621493
767234 253074
506345 481829
477155 210665
929232 975057
179739 923902
973973 952970
343141 854409
22957 35628
491825 244889
819788 794107
227167 744450
116333 905960
683289 67634
313790 826484
817549 904546
71147 846892
101702 512104
527110 694546
4838 724200
797264 263580
55618 407019
101543 681557
629530 504584
932875 484194
853875 847550
832270 541216
529235 175844
600856 644456
574296 678391
503124 802292
241142 481555
301755 344219
881355 715901
307195 359736
914657 315741
626499 868201
113023 48841
344558 142131
44076 77948
155209 879107
818369 777445
576323 281487
271658 748188
525040 139739
360825 431855
760250 278168
360742 330395
385764 653607
716775 221846
389052 183995
305448 131273
186781 810140
434344 336091
210782 401991
539888 814121
305499 142002
836976 383121
230110 772782
649015 91246
271785 549350
68942 572190
746594 472772
231794 837950
697755 441267
454317 618231
743485 411135
226000 657842
950226 615064
445263 268199
486828 209077
465081 732371
379380 699988
685970 178696
508946 384544
442638 775262
575094 576620
833517 940231
768002 139740
319278 900672
944148 155556
24881 28388
90483 778919
409132 125083
618837 887297
984777 392495
33354 713888
982171 723135
686793 379469
393020 882508
55765 15625
247940 786544
919820 471122
487720 157167
44876 628485
335468 242470
571074 692125
240454 613664
889425 251673
202257 261384
24603 975740
205930 219000
550830 304622
246763 76784
688782 827136
564418 270818
626587 626189
285485 417897
53983 213756
730260 509658
412470 576289
518594 746419
240090 842691
280258 500721
158730 237880
952594 368509
980375 858861
506950 429574
613643 428162
832636 86442
511414 938322
142008 261325
721622 92816
635740 962893
806434 20748
350533 500236
800691 810005
930692 58476
590288 334649
26551 5785
932180 583656
719684 103679
790654 957879
391217 754077
518165 687808
79651 22641
813238 877926
527858 550099
658556 710390
24869 53918
49802 32297
64207 968328
594999 362694
967429 623251
453783 588900
57338 250524
610082 83917
377146 776337
294916 267135
841279 189952
104832 181580
106291 312842
427969 625057
687683 707254
346175 246115
550556 255010
485130 156597
890373 974676
678711 379734
665113 606254
488420 584872
488735 976768
496169 285771
74440 672504
636252 896296
556292 52340
8641 280778
294081 412920
328013 495782
425793 793339
663701 829627
926166 749404
571800 360148
171837 256370
454501 9067
925333 117376
682090 992808
55994 981768
549467 195142
87875 475574
980795 897047
768916 753149
818250 230878
338528 47039
748748 902170
384062 270950
958705 526050
697639 249168
762790 400875
136970 347175
63671 148199
216652 353550
888735 413256
593247 72439
485422 439138
933502 296465
446101 501615
376578 796191
277969 963756
902756 74084
280818 409568
630672 633274
281543 359612
946018 130371
787112 72926
555647 915638
2848 306160
226643 173467
588788 785709
457570 123794
91988 200836
549133 87628
562078 194837
168548 181149
849289 863064
255906 206122
90484 30173
907465 295165
574859 823981
28123 208567
950163 992400
2162 186725
487508 289512
278396 911595
230368 420795
678807 754460
247811 675214
542021 895340
908169 681708
949132 990909
217190 289990
997869 869781
558918 462004
983422 521265
115954 457626
770150 641715
350427 182181
114101 32182
180231 872501
508062 173314
409365 397845
955602 106395
802542 297509
152825 881396
701322 106713
560463 805953
835868 964058
866906 436010
565916 884298
248515 329243
594095 422245
117656 218680
48692 910275
105373 758894
280237 873017
512523 451109
434056 357087
730022 176273
577481 427309
768894 150376
756439 783103
30338 851182
223008 137016
19131 527339
708905 378178
348269 430079
244469 564467
336581 62604
317137 745483
660734 467857
297786 827162
888919 140119
375788 173567
820969 702019
810121 935882
23015 444428
685026 173955
5175 486151
940644 621764
939943 857054
199074 256577
542349 881824
198842 447912
187008 752562
742823 768483
117165 209250
771619 971515
309718 407452
955127 672854
38061 829941
653600 53025
605001 512805
499039 219657
726275 911378
291870 130722
376368 916935
594682 52139
201978 74755
827441 130153
582557 23598
345641 712815
994043 60967
769371 660479
875165 9912
914074 646731
321607 108075
21956 346068
109687 28790
649156 113396
971066 734417
704129 469238
803242 295016
309606 996131
867847 397292
461071 99352
189809 107076
263245 65042
359231 650402
200214 385676
517632 252912
740108 394303
863052 260136
784616 794888
532357 17859
755651 390376
923183 686601
246593 522085
975721 554503
926362 89933
61320 488031
424582 988506
644175 878329
770564 160241
609356 83352
910472 132293
748753 708487
843583 497689
398670 481905
12352 515426
316936 898640
839120 301514
7544 748606
899538 62289
531970 833895
735305 118478
237904 397472
483275 743700
91339 611920
317253 818415
373430 669004
656869 657614
425767 361921
119656 835706
287522 354698
154240 677316
666067 584162
276513 148030
686952 975731
572264 418463
100425 753549
692776 805322
748725 335858
247827 759272
410554 897038
612290 845425
26896 215556
379105 335434
311571 582883
381818 344412
797623 396892
939220 822203
548732 675240
933223 740050
182958 611383
480820 71697
657916 474603
73188 656841
716250 795921
48764 730799
356725 79344
623899 296304
605570 768305
857247 752107
525168 376170
764648 555216
251388 274825
241780 479763
634978 603417
909737 984460
780657 802932
402162 227886
353528 13958
86401 528865
332764 350521
964530 47039
847371 359298
150416 343592
811147 651143
950256 16643
285548 987436
284347 834641
704668 77561
373002 913583
728409 623721
345898 899496
535489 283090
866494 683700
444293 134572
660420 466962
801340 174847
822320 841917
658260 765293
999156 620878
319651 317017
468513 886189
654747 476659
405479 346229
566492 442466
152888 140324
623076 216076
867403 824891
965601 779205
921789 103224
31719 184657
518673 246958
782845 40344
754392 160382
511506 235877
895340 106740
999245 366554
500886 388480
914946 655924
967376 283023
995648 293367
292388 665349
401927 36662
436339 510041
144663 86465
864017 744846
12451 249835
138510 82378
272485 362294
787728 624341
78411 142557
149723 862063
244175 764798
917555 617549
425636 898531
764633 243186
879884 481260
224432 942439
877446 33050
905539 722903
721957 129594
750752 298185
355196 817708
607964 625402
736950 392079
183482 612822
976066 758987
604775 320211
239723 383034
835228 445162
125189 569843
787942 66291
304835 672693
870914 386269
63334 379309
693922 176711
736848 260196
416972 483773
327799 603208
169762 11986
932341 142485
197756 636886
84155 617248
638129 609332
859750 581760
618997 636971
853482 6169
441308 748199
770858 489286
218237 999611
837290 783587
520817 98109
165660 302644
669499 575551
318166 276533
128962 627557
857253 853310
292921 527208
407419 747795
30559 510886
749315 962182
188450 925923
106582 619977
91935 267552
834181 509396
828804 618710
922262 197423
392087 80399
811981 672093
401871 555298
507231 802789
898784 465929
99212 706366
450132 430880
774661 68118
891221 868540
556232 28031
893127 490406
128845 749366
178258 72627
45016 291986
161085 322433
738671 766726
481718 29136
478438 855506
502318 222586
717526 847756
573601 627024
185452 982663
997811 777491
116125 106013
94582 345868
765943 630367
855752 356937
888019 699285
552538 28852
728231 975219
989131 845137
476984 184475
846962 941907
867436 899401
649467 485724
564733 180896
574696 87696
843402 567118
377785 832405
962952 257118
578407 889129
816149 708250
655881 822047
904109 265370
930650 863159
60981 864557
918098 800473
73973 415907
6256 296814
730659 744246
737625 91867
333914 562707
274138 415131
847274 895432
525514 219320
74056 573259
251531 186022
167590 459556
546735 602492
543006 613048
125494 618064
123719 850292
515574 229037
958378 825426
383380 791475
976463 598283
935086 989068
93296 792857
273179 786055
643535 699432
122570 833810
932259 307096
344455 796824
301742 127793
594204 651829
967658 253732
740436 217042
666401 657978
186074 87778
20380 414364
679809 10872
829811 256125
241181 676546
81795 144552
77006 112038
111550 194593
561309 438711
687965 798267
689854 797844
27504 800822
316341 672605
782933 114642
809878 6931
266311 797492
112292 63243
128462 238452
368027 674639
917396 776897
676362 703250
817752 25074
456727 241677
750268 615081
200038 3322
906680 435942
60373 580908
845617 956390
179614 811273
723556 869237
899872 699046
782844 246871
874103 261181
124804 419791
374663 813197
536119 139850
36440 540174
481394 957163
756763 981456
254794 674612
846731 306223
58426 381133
403631 648821
40309 306996
628348 983308
421274 426690
926935 130718
269318 900182
68919 736331
982531 142304
368233 745350
363101 939404
665389 248141
534869 786568
824062 480899
649839 825780
565935 765547
65702 110694
199921 566851
795968 940630
519985 446459
58492 936685
698526 131216
83623 331941
838728 931274
957837 437916
975076 762702
701901 345083
439468 486624
34246 275837
882723 599929
878445 994271
648822 434753
626049 73891
135358 459242
720917 858944
60835 971497
192332 665833
73626 855249
455908 260152
234958 471821
322217 825399
410589 99193
268361 133579
90041 703582
375304 407934
95855 124168
267722 111527
4548 454790
174925 105272
348667 629054
683642 811300
114932 777450
694096 422123
295918 769907
320512 227779
490029 257000
154968 354404
424183 894875
512663 698289
450296 280792
986015 10686
523781 380675
97032 638658
583933 959181
557776 113626
673292 173970
154225 362743
78793 580691
440907 105702
594239 880267
23169 146362
708489 36400
199456 436760
561431 157383
448313 320287
909837 892900
67279 607410
220426 217981
526828 790691
387974 919146
407822 396413
355028 856252
858239 937710
547527 794039
795714 520271
726705 386413
841513 541714
334022 733048
746948 501191
321696 684947
17331 580299
211420 658453
862109 202829
856865 484684
564537 366526
861505 703282
134921 262997
150519 321486
935847 966844
612240 68650
231928 278106
471975 448301
446269 981886
199561 737300
682312 180581
214711 339921
27787 613864
684489 635456
842252 131653
868591 774210
391092 213831
871699 799288
201927 897813
581146 120542
929711 624021
916106 273345
968433 383931
547846 767582
12225 919794
255156 946265
942832 511973
130879 480087
562115 311274
140984 657976
5024 456907
646295 151796
338978 365043
784288 315665
495755 303410
18721 178430
663641 52013
407127 849424
814641 494181
895217 506198
949752 652706
846252 806938
138881 381691
512413 126007
408736 524229
240653 321042
22173 881878
832126 245750
649156 742901
346636 325328
436890 679647
344815 902851
113578 309176
267805 217385
640381 338765
971148 440168
122599 81922
800533 137580
234878 15901
550772 220742
95270 53741
67692 953761
498952 728152
45000 288220
297761 504384
832059 178505
216310 850066
56361 870466
103910 706667
476095 493731
408664 269158
890940 286631
267986 269190
934355 272930
712235 938301
505065 403608
879641 357335
176889 806137
183332 943622
809495 938490
248828 568650
409234 951889
836261 993597
846770 120141
447056 801272
804896 677903
382342 518053
964837 462313
1085 662499
851403 216593
407053 816655
79456 32897
342780 423029
236632 995183
252725 45779
332050 88484
195032 717958
870963 703548
729387 70612
182383 409465
941101 7701
191206 796483
959051 552638
247274 531584
243820 216715
873503 19148
797095 580233
85052 402517
390164 231805
304942 828246
420032 840244
62491 130670
273530 882601
555331 831388
567242 587020
903491 274458
359746 637557
92852 903058
549228 721189
964400 438785
597794 85492
518388 581671
447165 393373
448225 240296
920357 648482
604253 951043
764360 943773
37462 913836
720742 482469
495399 499015
777992 307417
173523 405379
751248 204940
894766 584401
696876 378829
339674 430144
847205 208017
691375 364855
387412 579839
568820 785742
935091 737560
929226 160329
864721 918978
9193 324785
18591 985327
924801 256337
835240 84270
616322 923850
696990 27918
8503 871379
727055 339307
814093 472529
503991 146902
38450 843663
748142 239781
573849 763930
701890 23828
618713 204796
43935 991510
872501 74259
496043 521724
979191 505549
59822 505345
219829 877954
428079 260143
315637 9005
570714 871346
278957 616520
581084 75640
333411 965700
229457 850177
