802355 568402
586310 907617
537410 835121
766531 549282
591104 802406
581880 844149
546608 810127
713200 557780
703599 556038
865487 532267
721008 559932
550228 738644
516441 853248
735633 574839
814984 547717
577325 850667
576741 750478
586820 884200
572598 740313
821946 575588
529166 896815
749812 573180
513331 804732
813206 519849
530174 815781
596607 888062
462805 967
919016 753796
683492 363018
331036 612452
998306 710550
728943 466618
38100 748477
306372 354977
128734 605319
213851 276792
963917 233378
970377 147950
958222 219013
509570 557928
980606 984641
235556 207497
351605 445989
691149 513188
689732 507931
347922 277776
256332 418915
917590 922257
284131 999157
838126 957545
956930 234446
972262 589975
781134 594160
443967 884857
761114 301167
200944 481349
110204 890870
135357 627172
760650 275735
335107 452872
640677 80854
985969 858303
392468 820046
435040 472651
184520 452671
562171 526209
607667 940444
952758 437813
82713 280313
767855 75806
350925 922907
486330 860711
470625 647235
427097 176461
637510 378885
177954 786305
905814 128846
742238 714568
702098 192790
961401 567806
698001 94683
601780 792012
169644 471429
514108 548859
602262 376969
474447 353193
655680 952471
342891 612196
429615 402466
295685 718066
645539 387284
201111 268318
641933 15106
99392 678944
502974 834266
830806 419083
251951 773698
47263 922585
145715 931962
120275 372545
565380 235327
433978 808045
303262 236484
709760 444296
98426 555228
170249 574897
268627 605865
940116 72535
270109 833225
93039 264396
363057 562726
403374 881840
735011 991804
527564 593644
870952 245033
763810 922388
177535 972811
360291 774723
966128 129910
975478 749723
573378 545560
385987 494089
403952 52623
154186 497050
579038 30976
122964 980565
793008 21857
110637 488354
141886 645968
492553 292203
747559 358939
806740 690495
346337 404873
634351 434470
148052 463344
82669 816035
201738 346134
490774 987834
941048 690270
651534 402634
433433 336792
132447 385587
569303 972370
260010 898489
645504 290373
971769 202757
110359 779215
574878 976654
700654 307301
770605 111373
848474 645151
309806 136287
205457 48302
780015 895573
192300 433296
763883 482403
668829 477666
639736 747619
931936 238846
118301 660344
705424 336994
813344 641402
901342 929642
391933 634771
272111 297804
537812 439287
373088 444472
408865 553409
136815 985489
841194 793799
528900 574613
43456 293004
196548 630472
720869 882804
61360 252788
735592 163359
875552 418748
17558 133481
212469 756310
861027 388820
130739 692884
796999 309724
924650 626150
698478 153138
166036 49971
987059 809323
442385 67537
852994 444073
394889 91327
198506 618193
383486 751980
16532 501739
834749 217247
405380 638923
617743 615554
987490 858000
627920 878456
771829 629684
263129 246705
458975 257540
21888 167777
435636 899088
327844 615509
976779 754410
167830 787790
319761 261290
146488 938893
484441 78380
793476 314553
662726 376040
350644 659242
615092 995075
158124 580713
531390 493263
167278 867886
258365 463058
470642 534317
220372 287674
50083 550457
356145 719746
448300 50618
597108 517281
626583 280867
186868 949730
795599 89026
602188 400988
863400 55651
561715 30430
374923 974418
530683 314313
956425 54006
580450 571774
504252 818901
547229 457652
42935 767812
57410 955515
194710 821643
678969 45756
960245 365729
960496 955800
940188 703945
552176 124958
606150 606299
890220 783149
257903 366408
335021 6500
628756 271609
201206 277164
19339 575331
678238 942695
496245 9894
219192 68176
644311 242719
771988 470109
378912 111946
95740 698293
494905 216827
810144 610828
882081 469578
110590 595925
429130 802647
179542 811192
616137 757628
285918 609862
718194 504853
800684 7222
293944 42503
599380 510360
697047 136477
856961 995371
465336 333314
131237 928883
766754 715991
870086 245253
757953 791582
903356 198079
895609 620127
537144 465979
53907 509729
493479 349859
312406 402492
408414 590415
94343 923698
838562 27030
530530 112587
176612 934470
719755 311159
536581 292355
543608 156318
367118 529081
313698 498779
609213 772042
578984 932312
127228 810449
797744 87616
147228 335247
735499 132781
515278 402405
843374 306406
42970 645981
124722 555818
201161 801829
317984 447341
287507 989040
68464 844748
462530 779378
686139 960161
557181 499725
483619 800752
688474 966180
977316 874790
544165 507268
239246 594173
112569 366613
301945 302175
55575 896753
869697 504782
1226 901775
600825 468825
590384 558654
358420 867104
948351 644159
265624 774781
507673 533275
678371 362239
283991 521141
427359 414640
815748 121025
280905 761632
561554 182682
219996 165670
444138 715846
755714 154256
625453 740734
68711 773173
498929 874648
67245 636211
448229 109924
192785 898624
140852 707898
670806 779953
672319 500449
419995 824418
599552 920171
727725 199156
619557 693330
62373 981493
166485 204209
389510 292173
245802 394345
883247 850556
907354 759607
957900 404154
563138 542358
141181 401280
925792 910444
352731 925364
979549 893222
337195 482589
244090 960414
848057 778450
232830 214724
718792 478044
643210 443791
272202 969428
112788 840300
776657 999625
18389 900990
61143 175849
958897 557566
136395 403093
244310 406612
498733 734254
871678 819658
504924 710950
740133 340314
729623 528070
223214 711425
542001 376314
400553 481804
33754 123525
802218 500589
131425 794255
966313 769327
949959 442643
942423 925688
345210 303320
334681 490189
191253 789882
286502 452755
494563 499853
508727 687469
7494 625452
90625 809847
295677 599668
744539 399804
631830 735611
535878 778777
165202 799201
546390 628739
63310 267278
569186 916243
523099 473758
376653 117586
434634 662788
764474 451196
994550 414756
532735 543259
296143 933529
174419 91901
533313 447661
236849 269811
391219 186507
300912 776362
539423 361895
619476 469587
271142 123429
940384 234381
849513 843594
518552 687729
236774 162608
143119 436683
606360 661834
268806 373168
813199 852749
838224 684176
674011 391353
386712 366068
191790 472090
959579 819937
804523 430268
24830 90039
220116 859715
478669 948713
593517 284013
240134 437877
81575 435115
581058 186806
902759 350238
504135 616033
301889 572454
881083 460901
120668 822268
652944 953998
270095 911250
833390 821754
620541 866630
784886 596613
571378 620924
361646 681253
832665 224071
615691 67146
951504 577890
954204 101537
186638 880414
912037 840118
611829 509359
987836 587440
532192 719162
790281 444653
728570 113120
218186 283692
940365 16275
529284 667453
197583 48918
675280 737902
528626 407497
453077 657
128313 598785
752152 807903
258951 909591
946935 762880
877123 150141
162316 688965
639307 499867
427171 602430
646120 272343
378485 715365
652463 795588
495857 602794
803288 470800
990804 48676
617027 435039
929311 664540
753606 78618
969196 345646
757866 316390
460145 516552
77361 431133
230566 650051
889016 782510
275606 776497
3246 978541
767594 693486
946973 902895
197194 233721
644144 673424
63878 697556
312620 231312
565068 258517
41296 892599
700060 976050
694445 775168
316131 603075
414396 145455
655664 516730
645228 159164
686601 102454
932350 387001
59921 578702
552127 969429
678506 532050
510223 659940
556798 295486
30865 249254
18325 793552
643749 22515
476925 722818
242482 990296
412677 487858
938305 93205
776251 258171
860991 97800
644462 285312
546461 765625
733652 412665
451877 706799
500953 520261
916568 959976
213562 291188
886936 600646
175262 183206
381833 356303
989310 189530
895612 998263
334868 826215
71324 916384
158971 783633
614924 618240
24627 261276
2966 140866
696284 627006
314940 360805
16236 472978
145348 114697
484533 475405
619681 445502
498079 210691
483430 795579
349576 123345
926024 987454
513890 162926
903389 636131
967423 501137
781904 230886
893743 140170
103201 327944
170603 909121
313786 420969
28176 288797
169473 880034
528253 281218
68805 691406
617663 802918
538297 381003
780181 426462
162677 402062
193258 1194
962512 245062
228194 398757
144969 241642
591841 201677
338276 520105
221481 966437
692781 514321
820879 412312
422193 618905
441375 807328
419965 228151
885274 402188
969122 220852
146328 44995
432420 427355
78168 508199
567203 170632
173138 703010
160245 641251
624497 886997
588685 788571
395078 219174
572265 624446
415972 434766
609349 290507
680855 837493
556253 124166
561531 211647
129427 575230
117238 108658
514431 715650
726335 684477
982326 77313
824843 458239
874626 511612
194713 994403
825631 131320
728366 915087
972575 390419
405146 523973
587576 91446
871480 713888
477893 812902
219048 689314
993532 900650
730956 738606
642434 137976
615184 415602
589517 648510
688913 712988
500751 953590
799737 321347
854042 142648
778106 868655
583403 490113
584239 433719
156410 964565
995911 384751
982257 979775
253504 371336
954240 245380
475524 277927
41831 308019
584516 167381
155020 863763
244055 864909
151679 671412
799180 755918
132653 213304
911589 761929
906406 806990
315442 306253
784771 205381
81411 338507
637124 643748
505655 437562
198715 604244
55862 664895
778401 552407
116836 912655
919597 113365
341760 535361
404256 515971
13088 700505
516563 410575
179738 19329
145802 573700
908632 293686
128797 179364
467580 335381
130471 292063
542266 991168
363255 799752
836432 678584
194303 177422
951303 161717
884369 33814
162810 573005
625839 98464
485961 569837
606197 560894
175337 880540
414052 557094
511224 107735
13343 915749
769464 30297
738510 281504
253447 949128
696765 858605
289625 126566
340016 218125
67407 936236
252240 591840
239449 569967
918120 308072
785881 311094
504216 925671
846864 970355
499523 546323
45951 302177
509267 593090
403374 72469
245273 76446
431246 409111
325570 255866
979957 436799
726342 391613
615510 361333
715581 777677
777291 962176
211719 272745
182335 637752
315046 18599
843111 398470
723932 115297
877207 834903
528474 940479
725056 389753
59966 240119
682855 631473
612504 357753
499329 287883
865843 439641
545640 265126
818314 99634
281630 953097
653604 782667
440299 462765
872930 858463
307870 688903
816682 842562
967631 321833
494404 35016
936508 683956
828946 159205
127065 646011
985224 271119
271577 658691
636247 573588
709610 898254
669981 420851
655784 366261
951046 115070
620130 589932
244278 191112
371978 35800
220942 539648
737932 661316
891766 29735
714270 297828
397591 393174
990810 674644
953067 551266
534325 915755
840476 1957
732233 187951
469255 362638
81559 670696
631720 40824
879631 747806
293662 387980
100709 34845
865755 286110
285355 179208
434914 911265
592091 20938
146810 814562
300909 342968
666644 250276
13860 261716
629120 751493
774161 47073
975984 142251
665246 931454
838221 667526
496008 137639
598735 345330
9354 424141
13018 379079
935915 430289
493495 300615
4364 290670
23224 228966
134907 413344
998134 402965
131673 858424
534159 399270
995335 293098
233719 307124
947827 432157
443117 46069
753186 327630
99303 15116
235045 465259
677246 299049
626306 418260
544958 936694
842032 883354
299422 743001
304879 699383
910233 514712
164443 261604
167864 616976
404079 937989
790740 654300
755899 720143
888624 173120
856914 507032
510919 882239
645212 70409
235001 610731
182301 951769
487291 770
840674 474397
699658 781179
774109 556666
349586 986163
701680 546207
225655 501843
11453 288014
149147 152807
107539 782353
495623 881234
440499 716491
63931 698966
613689 501409
302931 750004
2143 639242
132026 710400
280492 882240
924117 642273
71538 179688
788764 688983
103549 105639
269119 827406
225157 350548
450997 434639
553208 423579
255056 267924
941038 659899
852306 425140
856694 223136
397609 510016
27989 467700
897848 818534
778682 206526
66262 149971
786818 708335
201411 548032
550513 214694
380230 430956
567114 782077
960937 106557
865091 664606
175508 178172
642716 980513
761816 741681
558284 244148
855490 874255
915648 994475
424833 197463
453022 257675
852823 181390
275074 760278
697429 454023
451742 959348
864566 646078
800008 470665
164096 767033
477342 191265
99240 14122
147104 315865
183058 532816
561143 648605
403953 438739
259798 207742
316679 736936
956066 480701
675880 45890
391513 890978
56322 915378
363164 789231
662222 160746
75273 186065
639919 93861
85780 494470
8771 374083
104933 702780
758993 849766
134039 413567
628374 153280
329394 110027
502544 369216
632342 390932
901433 861145
113702 576859
117287 399627
965424 705423
906937 720016
314483 581133
15246 717812
248898 656401
912486 550095
211457 534055
157270 226876
860932 380974
175537 191752
169996 120338
302390 615826
345281 493200
859 535428
217124 855825
873946 897094
58664 529717
799499 204513
430301 961955
747980 23438
968946 491370
204139 535081
741408 852408
289785 281720
766465 748598
457063 33266
823525 400312
942965 585395
351232 303550
914869 859820
50919 563037
19125 248296
250566 927196
887359 820288
7216 369167
843448 474549
665908 552369
190395 240805
103362 952708
828199 436370
17826 817762
680738 605945
484397 388797
158785 821535
362664 956083
528883 256055
134161 484094
692202 950055
129230 731132
790768 912793
365751 930937
847614 310470
984495 665739
842687 331433
531726 374884
308740 451470
97236 919238
879414 616909
149511 756751
343441 556305
478493 827949
641131 819429
948665 272613
907823 990247
640149 863405
137489 289898
979838 317804
686497 832755
555344 231976
240966 875715
547562 204392
586869 247159
854747 225330
420836 250802
52957 422433
762998 517828
237570 931809
394799 49285
359537 897163
164446 348613
522797 175493
871969 177350
880335 267261
653132 616560
128897 693042
836935 192037
124308 184841
929345 943059
46288 449468
539695 2089
220952 75626
145143 673009
334733 866737
272183 595371
261979 74924
735518 93962
642294 416298
279158 270952
310198 496537
226603 272353
104772 345128
574195 10224
999080 493271
947166 561219
842048 845119
785651 955772
793903 303556
274001 915572
954303 280814
656170 964382
374901 505154
118688 666721
873443 999527
185568 334036
1 999999
