1426 2313 
3486 2570 
7944 8280 
397 890 
3238 3660 
6235 6263 
2811 2871 
3286 4213 
3981 4408 
1763 2500 
2992 3361 
72 502 
3569 4100 
815 939 
5878 6014 
5764 6567 
451 510 
6388 6556 
5992 6449 
6636 6679 
1658 2032 
4460 5380 
5017 5555 
3745 4070 
8610 8981 
2484 3011 
1840 2821 
8885 9759 
2493 2664 
1469 1751 
4042 4968 
731 1059 
623 1129 
6941 7671 
7958 8816 
3873 4769 
5477 6023 
2113 2481 
1135 1500 
7520 8271 
5420 6229 
3349 3528 
587 1172 
696 1348 
6989 7389 
8477 8538 
6423 6792 
3552 3565 
7409 7996 
1689 2229 
3100 3671 
4013 4392 
7948 8550 
7100 8003 
3066 3559 
831 1588 
682 963 
801 1243 
1470 2160 
7401 8021 
687 1417 
7518 7636 
1144 1916 
2184 2860 
594 1522 
8976 9833 
3488 3842 
6325 7291 
1199 1883 
8548 9173 
4103 4975 
6805 7635 
7612 7632 
3079 3448 
103 819 
5569 5719 
2417 3141 
4927 5173 
215 667 
6168 6724 
5038 5527 
7555 7784 
7162 7513 
7990 8491 
309 1074 
655 1570 
1974 2831 
6222 6714 
3094 3460 
670 1607 
4837 5389 
1014 1243 
4382 4790 
7841 7963 
7105 7501 
2432 2670 
8182 8976 
5725 6154 
5868 5880 
8761 9291 
285 690 
4642 5406 
1932 2471 
8871 9712 
5221 6040 
5249 5938 
836 1754 
5340 6337 
6257 7001 
3869 4053 
3247 3747 
4535 5261 
4315 4906 
2830 2970 
3005 3792 
1416 1499 
3091 3556 
8600 9108 
8004 8809 
7075 7687 
6043 6872 
8338 8682 
3643 4212 
6151 6574 
2916 3727 
2292 3094 
4348 5079 
5619 5925 
5115 5852 
6873 7500 
5097 5563 
5463 5880 
5429 5688 
7265 7903 
1567 2192 
2715 2752 
2721 3621 
8542 9093 
3761 3833 
1320 1452 
3742 4673 
868 1763 
4493 4657 
4780 5762 
8990 9987 
2784 3558 
2026 2695 
7331 7427 
1341 1808 
8915 9256 
4993 5678 
4571 5114 
1713 1821 
8132 8889 
3864 4283 
6204 6617 
1091 1264 
6778 6788 
7613 7824 
3221 3809 
8267 8569 
3776 4149 
2280 2536 
2804 3404 
1760 2665 
582 1394 
2379 3047 
2494 2723 
350 501 
3619 4278 
8105 8330 
2901 3171 
1951 2033 
2809 2894 
267 1240 
2225 3076 
62 448 
3883 4183 
5135 5178 
17 731 
6435 6626 
1675 2266 
5832 6414 
6960 7297 
2823 2979 
7421 7426 
5458 6228 
8152 8929 
8029 8285 
5001 5144 
2046 2931 
4858 5064 
7280 7848 
1477 2091 
484 1239 
4365 4625 
5145 5348 
789 1296 
4263 4285 
5187 6056 
3383 3573 
3069 3978 
7987 8486 
4279 5088 
7238 7487 
3342 3676 
1562 2211 
8419 9174 
8022 8769 
287 817 
5443 5490 
6425 7223 
4746 5737 
6622 6656 
2990 3488 
1150 2043 
475 601 
3243 4240 
496 685 
536 1266 
4829 5290 
5047 5969 
6131 6436 
289 317 
2391 3140 
4661 5564 
8279 8977 
3478 3522 
3356 3359 
1063 1467 
939 1621 
748 1287 
3458 3610 
3930 4065 
8538 9231 
8714 8842 
5369 5999 
4814 5779 
6256 6686 
4682 5018 
8730 9631 
4509 5481 
5486 5776 
66 1055 
6115 6911 
3216 3361 
368 759 
2521 2862 
4980 5550 
1833 2066 
7942 7985 
2943 3061 
3338 4100 
3840 4150 
6913 7339 
6269 6637 
5894 6129 
2683 3310 
6793 6851 
2223 2392 
904 1263 
5017 5404 
6429 6776 
8149 9144 
8043 8596 
7011 7541 
8557 8848 
5354 6325 
2766 2847 
520 1114 
2772 3400 
1379 2266 
5595 5951 
8073 8164 
3837 4317 
7379 8349 
792 1067 
66 708 
4989 5423 
714 1603 
3253 3820 
2103 2388 
5707 6125 
2735 2996 
1706 1944 
236 296 
7070 7589 
7198 7982 
2704 3163 
1110 1748 
1626 2110 
5336 5815 
8912 9227 
3692 4422 
4699 5159 
2991 3430 
3132 3521 
7789 8023 
578 1260 
2368 2727 
1807 2507 
816 1656 
1246 1610 
6597 7392 
2316 3164 
4544 5007 
1251 1642 
3385 4177 
6364 6480 
122 280 
8509 9001 
7042 7994 
2260 2282 
2564 3305 
4385 4416 
8173 8499 
4562 5079 
125 128 
5032 5172 
3811 4216 
8483 9064 
8315 8337 
3291 4154 
7925 8305 
3832 4518 
8745 9650 
5213 5697 
6066 6826 
650 1395 
4364 5276 
1590 2541 
2227 2788 
6583 6689 
6014 6064 
6101 6813 
6990 7925 
3236 3612 
3348 3963 
90 859 
1238 2157 
4376 5259 
1319 2302 
1828 1859 
2118 2693 
4043 4637 
7511 7765 
7048 7123 
8811 9525 
6144 6522 
4275 5051 
3679 4599 
2887 3620 
2627 2645 
7497 7733 
2564 3256 
692 1636 
3774 4103 
7530 7822 
3451 3470 
5106 5943 
4158 4214 
4127 4986 
7411 8316 
894 1556 
6792 7478 
7884 7958 
1489 2341 
2442 2693 
2061 2565 
886 893 
3730 4370 
2566 2687 
616 843 
7160 7838 
4799 5781 
8586 9147 
3913 4869 
5219 5738 
4680 5023 
6963 7160 
5336 5658 
6999 7984 
4647 5075 
7967 8008 
1464 1537 
8359 9190 
4486 4834 
6751 6782 
50 765 
6194 6717 
5208 6133 
1835 2271 
6523 6728 
5501 5945 
7221 7708 
1705 1984 
6340 6603 
1385 2069 
228 1077 
5722 6047 
289 412 
3911 4247 
4036 4494 
876 1624 
3604 4381 
2990 3209 
880 1584 
5960 6894 
5932 6892 
6633 7440 
8980 9701 
7713 8022 
8123 8822 
2364 2741 
533 1249 
7069 7241 
1198 1758 
5595 5606 
6699 6924 
3374 3914 
7595 7974 
4170 4224 
8214 8329 
933 1923 
3675 3743 
6330 6554 
3932 4164 
7005 7128 
8196 9072 
8435 8615 
5483 5738 
551 683 
2542 3400 
5969 6151 
646 1250 
4599 5033 
6707 6889 
1772 2188 
3955 4781 
8097 8820 
1271 1823 
8312 8345 
7499 7681 
2315 2731 
744 1453 
6426 7426 
2311 2609 
3990 4767 
1151 2129 
8148 8736 
7329 7712 
4092 4359 
6572 7433 
5015 5227 
5594 5681 
3212 4143 
6569 7153 
3151 3628 
2899 3720 
8793 9319 
4243 5083 
3924 4415 
7251 7612 
8433 9077 
5900 6829 
1281 1903 
8359 9315 
3323 3549 
5290 5861 
1516 2370 
479 1202 
2806 3157 
4280 4378 
6172 6299 
8448 8520 
4876 5026 
6241 6770 
7272 7671 
1769 2380 
3978 4556 
8345 9322 
5954 6507 
7658 7746 
7692 7792 
8614 9181 
8889 8907 
7990 8726 
1197 1496 
5679 5875 
4505 5311 
1363 1792 
2875 3404 
3237 3831 
3179 3377 
1910 2583 
703 1149 
445 771 
5988 6272 
3961 4089 
6107 6529 
7944 8279 
6724 7059 
5720 5880 
7234 8192 
3317 4079 
1583 2556 
150 867 
3365 4216 
2633 3116 
5420 5638 
1729 1903 
2826 3333 
6834 7199 
4331 4595 
7550 7723 
8426 8964 
4464 5293 
1460 1741 
8126 8983 
6639 6981 
8461 8814 
1178 1690 
3680 4198 
2998 3082 
5140 5253 
7881 8388 
8595 9263 
3097 3587 
4577 4732 
5253 6129 
5894 6036 
3679 4218 
7858 8495 
8569 9526 
7887 8648 
6456 7271 
2460 2775 
6961 7848 
204 244 
6506 7042 
3433 4055 
242 1033 
1152 1262 
6486 7160 
7793 8529 
2911 3207 
7420 7734 
3074 3273 
5784 6140 
1294 2088 
2909 3066 
51 985 
440 727 
5562 5921 
2026 2167 
42 224 
5484 6475 
2542 2593 
6675 7630 
6418 6783 
8795 9420 
7184 8104 
976 1821 
7550 7789 
3984 4961 
8458 8478 
1650 1994 
289 1246 
3548 4024 
5785 5797 
5946 6859 
5087 5817 
3137 4006 
6094 6097 
1713 1921 
3309 3526 
872 1250 
5752 6225 
5806 6764 
5633 5759 
1176 1974 
4711 5130 
1630 1784 
7967 8442 
4905 5299 
4806 5755 
1582 1613 
1312 1872 
2579 2740 
2559 2984 
7946 8227 
2828 3731 
4389 4870 
7691 8275 
6938 7079 
1987 2711 
3473 4031 
4994 5426 
5753 5974 
4334 5025 
8716 9108 
3511 3782 
7062 7730 
72 744 
257 1001 
7986 8886 
5525 5614 
5049 5436 
4450 4683 
8136 8847 
2122 2153 
7530 8194 
1878 2158 
4751 5401 
4516 4868 
6316 6781 
6253 6584 
5613 6129 
8704 9620 
8011 8893 
2370 3005 
2220 2608 
2869 3157 
2864 3508 
8036 8779 
3763 4008 
6179 6319 
6834 6898 
8873 9227 
743 1013 
8698 9103 
2678 3478 
1943 2763 
4324 4760 
2004 2858 
1692 2143 
4390 5193 
6322 6885 
2180 2791 
8632 9593 
8213 9125 
2458 3288 
5772 6589 
1479 2301 
8905 9511 
4092 4672 
3336 3865 
8611 9059 
117 163 
981 1769 
1328 1880 
548 935 
6582 7009 
1005 1800 
7055 7562 
1062 1155 
7088 7753 
8690 9511 
3811 3978 
6535 6890 
6446 6884 
6376 6861 
2452 2765 
3088 3106 
3980 4146 
1715 2324 
796 1542 
2026 2449 
132 428 
1196 1756 
6722 7399 
7511 8083 
5775 6701 
2728 2901 
2428 2518 
7358 7925 
4945 5758 
6683 6880 
7751 8085 
966 1153 
7894 8265 
5067 5636 
4942 5084 
4095 4735 
4178 4442 
6315 6906 
4574 4777 
6794 7426 
6085 6343 
4991 5563 
6813 7497 
2443 2669 
2140 2681 
1158 2131 
981 1616 
6679 7405 
1831 2784 
5592 6065 
3895 4235 
8874 9758 
34 696 
4028 4571 
2101 2441 
2985 3330 
2347 2678 
1754 2049 
5380 6138 
8946 9807 
4405 4698 
2467 3344 
6282 7273 
2288 2924 
8920 9519 
5886 6628 
5594 6165 
8915 9456 
3035 3837 
1236 2037 
2795 3405 
1349 1790 
6250 7014 
8356 8661 
1354 1961 
4205 4729 
492 842 
8170 8701 
3846 4551 
5886 6873 
339 965 
1638 2230 
8616 9024 
5615 5747 
8552 9472 
7786 7840 
5125 5553 
4517 5337 
266 848 
8060 8829 
6232 6872 
1432 1871 
3993 4388 
1525 2206 
2061 2548 
2689 3442 
4240 4339 
8412 8423 
2908 3088 
6509 6576 
8905 9331 
1837 2816 
2460 3427 
1462 2211 
7254 7527 
7397 7484 
6843 7003 
5266 6167 
432 630 
3731 3735 
2230 3182 
4972 5471 
1748 1903 
7354 8261 
6441 6445 
1172 1957 
7187 7985 
5434 6068 
6388 6949 
6426 6441 
1474 2372 
3185 3283 
1681 2011 
7180 7494 
298 933 
7657 8572 
5360 6136 
6024 7011 
2071 2698 
5817 6434 
244 814 
5941 6351 
7023 7539 
8160 8994 
6299 7076 
3110 3724 
7439 7740 
4117 4904 
8800 9564 
5287 5796 
7264 7681 
8652 9635 
1631 2172 
4787 5614 
7083 7649 
3295 3795 
2649 3196 
8811 9665 
2613 2917 
8139 8982 
1589 2124 
1740 2551 
5573 6443 
3203 4019 
2209 2906 
2501 2884 
464 916 
1127 1489 
1886 1924 
8848 9710 
4547 5529 
4323 4412 
408 1029 
1924 2218 
137 766 
5986 6695 
3315 4258 
1835 2832 
1610 2077 
2290 2791 
1556 2044 
7347 7680 
7025 7976 
7166 7800 
2416 3297 
8879 9173 
7186 8041 
8213 8658 
5366 5690 
4669 5421 
2202 3076 
7308 7774 
6409 7091 
8458 9142 
2208 3186 
2920 2935 
595 1365 
2809 2917 
6769 7161 
4559 4971 
2046 2634 
1204 2041 
2698 3138 
4854 5475 
7581 7953 
7620 8039 
5233 5768 
356 1121 
128 826 
4717 4785 
7591 7927 
3126 3617 
5932 6065 
6888 7418 
966 1657 
915 1063 
944 1294 
272 695 
8561 9530 
8732 8988 
8702 9469 
1984 2921 
4366 4627 
4607 4828 
8180 8385 
6828 7812 
4989 5711 
6041 7039 
946 1074 
2651 3380 
434 605 
1950 2749 
5683 6247 
5018 5679 
1402 2019 
418 642 
6159 6452 
3070 3106 
1768 2332 
3047 3910 
5029 5925 
7803 8464 
7857 8234 
5994 6168 
2830 3718 
7741 8415 
3210 3692 
1668 2598 
8939 8984 
8193 8474 
5491 5701 
8474 9222 
8039 8406 
7231 7991 
7248 7991 
1838 2240 
2155 2327 
4378 5337 
8540 8963 
3871 4627 
7044 7135 
8689 8761 
6358 6962 
4203 4524 
5071 6014 
4669 4682 
37 845 
1242 1601 
3716 4611 
5910 6069 
753 844 
8297 8924 
5417 6391 
4002 4868 
2077 2499 
1385 1795 
4540 4941 
4431 5218 
2433 3267 
5225 5582 
60 471 
6093 6725 
2066 2195 
5198 5645 
3837 4296 
1802 1813 
6884 7050 
1552 2420 
1803 2730 
2315 2554 
1454 2160 
1029 1592 
7828 8661 
7891 8353 
2122 2930 
2820 3318 
2040 2579 
8303 8443 
4277 4748 
6914 7307 
3639 4182 
731 1265 
6842 7586 
7879 8430 
4862 5348 
553 1274 
7949 8090 
337 985 
1096 2080 
5068 5763 
375 1006 
8452 8516 
4829 5150 
575 1114 
289 782 
8219 8642 
1261 1947 
8505 8600 
8259 8968 
1805 2608 
2636 3421 
1439 1527 
6992 7150 
5392 5995 
7031 7580 
5359 6346 
3403 4244 
3874 3926 
6625 7582 
8338 8993 
5993 6866 
7867 8350 
4538 4627 
3385 3723 
2788 3009 
7920 8615 
4574 4589 
1065 1348 
5190 6060 
1737 1753 
1972 2857 
4682 4982 
5963 6718 
1635 1872 
7059 7352 
7529 7688 
2589 2613 
2308 3030 
7826 8396 
7951 8212 
7909 8812 
1094 1242 
1289 1379 
6132 6572 
2669 2687 
6727 7103 
2992 3504 
7041 8020 
5020 5398 
6599 7576 
3706 3868 
7133 7967 
