1 999999
723149 175490
405388 875739
21213 999738
685507 418965
380141 446916
541679 862214
462878 637252
679929 166423
961962 482047
243459 779666
239462 575709
31470 221072
410414 978555
591954 827922
286640 930557
299233 810110
462110 783303
969342 706371
91518 340754
915050 443103
590494 358954
597151 459319
568879 170647
189805 780204
797764 272876
445091 496949
906482 243892
215580 841980
807501 540342
873579 936400
555207 566454
651892 330385
458766 904080
623255 657515
789814 745707
634305 80410
352461 382185
14763 717780
516092 62674
293698 911938
50729 666444
472077 20979
250204 404437
624473 401344
380173 203090
732660 384112
445980 513744
689981 342359
639676 38017
357728 397095
595960 262848
403447 915737
763611 758501
405908 719777
781958 908609
372681 837253
741206 113443
383570 710804
600933 535886
546850 3571
842859 144170
835105 532866
641943 146261
653590 405499
454186 907832
186451 128848
939972 99110
664749 328175
568568 125413
705120 713433
82401 862067
779037 107708
238989 336402
690033 674668
893911 277906
659858 963812
539954 392142
254433 30039
875600 804871
916618 677955
840246 369901
315149 831585
824087 437486
67781 136561
437325 239683
651514 164571
306396 264884
473952 8796
854141 865822
147191 634264
916389 873666
979284 78468
349135 175378
578220 485341
488543 52350
249467 999567
440232 575385
560531 748451
694837 504419
44600 494987
493574 950957
520238 58473
700544 526999
915218 267956
677807 826310
799971 39000
804697 862222
59757 145698
834683 520705
264545 397567
241024 178273
331738 224872
66766 381368
19229 126178
565119 887175
634950 38308
93014 425398
103914 451640
303641 256340
194919 12577
673040 972710
276449 430250
791316 20902
444935 735929
650803 102031
248435 331358
371525 953888
514925 806115
418537 11987
986749 204347
386264 101236
561455 277647
851685 619318
944084 273544
631247 638700
427134 978010
15620 976237
331795 55615
201943 557684
367705 212361
194942 338980
798310 343961
906325 637008
835113 626254
46120 969567
126412 454644
670106 407674
554814 245909
924276 2812
812658 378390
610256 67629
385626 965571
684874 960608
642219 733181
702571 553582
700377 1476
511114 745527
622427 661980
219077 226887
275669 81966
567798 195753
888302 70119
361057 880541
928998 393281
532452 533390
443353 846876
763468 24309
391542 550553
304494 288177
848916 965775
796547 655030
154882 113546
443218 528626
225328 608140
840373 969108
279944 416661
135381 482640
178212 704441
958175 724247
406444 732746
743176 879612
513146 537944
644160 207441
451108 40231
233363 596066
852010 305223
571653 16260
732962 913141
38356 436848
514284 778044
517314 110459
513961 303484
150027 133910
276586 461158
887230 840945
193250 235588
497021 894715
873714 890543
520653 913126
643321 681874
906369 82299
354502 966611
697171 491692
426370 139636
200157 859009
655741 466927
523084 903826
879116 678325
228060 875962
7466 132956
122782 647912
304371 476900
886501 340254
32882 975386
310885 664750
757646 120746
425230 41935
656214 692539
670953 78309
167063 177719
592095 172806
181764 346418
216519 863065
774868 822828
416795 19049
157439 690915
60245 144936
138816 531093
684381 859728
886065 796708
766981 92862
181713 108120
399310 653200
697734 867379
316495 608044
27398 577901
790811 343451
346481 391295
851674 267891
611440 697395
660354 868403
144580 23765
637962 231694
304839 117403
122005 202216
697719 844020
909821 65065
39011 459282
36445 13619
354359 881536
530002 690164
670328 827019
689431 772298
732533 56246
637399 918760
572510 524198
515489 385375
937398 927149
709271 275135
695140 995397
917614 696009
332781 893873
713615 65889
576582 261542
483758 426152
980045 745704
277464 903651
49595 368749
150888 395483
107517 702623
46904 141752
627909 620186
117401 98566
223781 342875
664579 926868
812053 610485
554665 972244
738116 61612
40468 826681
802718 332238
418482 935323
201352 955122
841721 239583
359929 874111
911244 32553
530428 275201
377334 43452
796315 480091
395559 264958
829943 848179
303430 190539
342751 989423
810150 938535
673964 103133
824954 205487
374657 926748
888780 113355
961383 603834
319539 793520
237240 761975
733004 985096
708110 228940
559334 15835
657948 109435
539524 281047
389368 394978
956575 739218
984430 885826
532922 2606
695381 966644
508686 316931
736274 696493
404564 96302
813736 748946
368675 707886
208813 969575
808446 885380
601696 705734
216624 491145
117265 607544
714766 343979
261754 299132
858046 482777
519514 175671
672009 545926
383691 594421
724883 912101
505784 896950
278317 870182
466448 24887
204949 364351
393507 973010
412931 794983
283059 961179
975569 946785
415658 547
28486 362679
701960 479700
767221 385278
140847 502807
554940 647338
827925 974565
232946 8431
113430 845657
215914 807112
575937 507659
849317 826213
451948 57756
808232 553424
41251 41322
24746 160191
394147 324390
745436 118986
278952 948196
840898 532354
26884 174464
416059 56697
356270 442762
103021 769583
689180 630219
157438 451437
790952 829104
624938 530784
786723 839173
395848 376799
738954 709426
924515 713722
6074 957842
753738 678785
544746 547850
755366 448590
166893 306758
174851 418498
517512 234038
150576 635333
200427 66321
368006 555864
46514 541155
904244 231769
992578 33011
120328 706411
418920 622722
666594 749540
79803 205504
280707 53138
953356 942865
78470 664908
436147 220201
464259 745510
312483 284519
620970 701448
839677 905730
778585 367596
107865 730098
106014 191652
556612 475921
122590 307405
160423 759171
983622 974491
331410 130813
858668 109424
29737 857674
891687 535949
921119 85208
909006 142411
675506 283191
124018 349575
662251 294307
576814 164465
364410 880827
942441 624077
808471 395958
643242 617399
185696 94218
908737 914991
627381 639055
540780 732460
788732 566196
662196 307455
494679 817605
653915 779420
205839 973649
818569 127120
473975 480014
47826 41063
873665 991102
916204 386231
120547 933096
175900 345119
216384 527554
585140 421907
497308 810369
366852 235646
404015 631099
364943 433654
641287 224137
142227 115926
149124 705867
847070 877131
968880 770919
665064 944877
655200 935811
67537 921226
358169 909728
870512 319029
79984 59871
325667 425441
896583 482755
79168 22089
127040 893052
854717 144640
532192 397975
143924 374127
628827 237947
20142 118184
116893 743208
431105 962419
234587 81222
971300 450486
579800 851180
186676 585967
566295 219620
922363 940011
219094 85087
88305 495740
455982 709988
488217 263758
350621 364223
34051 262659
127687 787877
751143 674261
801535 699191
468480 855362
437342 149244
984051 416124
987236 256214
796961 759775
533858 739770
206048 319134
559918 720111
688950 222526
554685 446356
996125 274987
866983 975431
321032 950228
219159 335297
240746 554637
707616 375307
860493 846670
432876 331684
741111 173327
125794 117540
740225 619933
266404 484566
855887 760313
228021 497464
525728 341483
921610 212386
605174 640320
264056 57096
424990 289247
548864 173245
911505 83759
458929 900137
742040 656733
28431 654506
903642 932742
334513 692322
824941 960193
79301 626284
458964 59914
508948 116672
309016 225887
308772 853341
410218 367151
212188 803173
706074 289464
66028 709926
92425 281134
5947 2408
640433 789499
213034 592088
155711 952854
446347 522682
282510 687209
175997 71993
819850 618051
677524 700164
780763 394390
890693 188776
996305 825653
194488 421583
742771 841598
504930 520460
953535 491207
263518 469003
66218 68605
951439 931477
451362 982371
738362 706217
670587 169171
754466 140308
520174 693471
260543 876280
930317 672150
683346 501797
310746 816165
82026 29721
860232 690970
116350 648650
690457 263244
998558 852968
353996 423514
228073 886652
511689 952609
131929 416498
26398 834442
363652 488152
728193 908434
549467 112272
460238 601967
213097 278320
785183 886572
959025 799963
908591 661137
649010 158728
958973 481220
967750 431517
753243 925644
340978 462779
571903 919869
642921 673581
270064 20182
509916 287514
258360 3595
363124 297321
502121 105410
435653 196326
707663 899692
198056 355173
291283 127526
581022 937125
559603 743694
305237 414047
769128 74501
445762 70469
378404 257826
81908 364516
857917 70988
513483 652201
880899 842893
60396 575538
582419 393956
905006 365118
844707 850651
785236 414214
243368 741064
601332 744219
372168 993700
160318 400137
753340 333816
349538 390036
435849 99909
4351 513855
685823 687527
614882 314603
881373 668424
802921 428976
838257 130121
192381 814585
313378 934274
895420 687451
359847 401810
341165 516099
540363 398622
585141 87562
744901 917672
554877 485753
504226 31683
910800 804155
242500 525163
331397 552447
870253 605333
67784 10633
483260 838590
555177 234453
703354 862463
717401 22263
373987 482594
355474 916319
906328 480085
672404 230300
560990 826641
553746 170114
345923 33233
697087 346492
12841 42594
63507 365554
842489 416692
410217 727467
523366 567354
855916 963545
449000 431583
529100 798549
185637 302641
354379 137659
695218 493829
943044 846537
137761 133915
371457 618087
722796 671546
354521 700967
131235 600485
951338 902601
487084 508384
476288 73396
722653 798840
731186 229041
451433 339840
22763 574237
139553 851214
684619 953879
449773 59598
983936 676677
121169 521438
360610 231378
643242 542897
920087 147210
284882 810101
981101 137874
746657 183984
265602 712311
819154 611044
10589 635733
950596 254670
880160 980789
553714 761236
60991 21482
214886 41022
335588 891351
707781 66043
245043 752679
859268 965226
676637 204894
867119 131936
341542 798029
627019 149646
643992 811083
990680 88666
385683 905283
647327 130116
597776 868713
497642 532932
547800 431466
972180 675499
629834 49419
735606 275578
413772 629938
613562 920527
603086 404237
380737 724349
30385 538847
256745 268981
106219 622568
570639 984239
328928 865484
75433 774216
562006 703067
820728 7456
790303 511086
324569 954074
977532 305988
24908 375047
464940 630607
636563 247225
74610 306514
91304 542199
710782 371996
196735 567944
788662 318620
13857 629266
262634 689515
223753 666380
374353 208969
430547 90525
496152 875611
430837 251331
606259 870408
969031 842734
999758 705903
393531 82564
812839 774563
930483 685473
817749 341785
999796 489714
732018 73092
112401 95349
977904 385196
408234 24779
426625 267103
821178 726056
166845 730080
190204 205265
748003 714289
375216 196343
666457 105069
581618 554986
86054 493293
649352 997920
914622 451924
20203 399577
393994 394850
461392 605327
303579 534254
394001 123725
726123 59230
851530 119791
79165 421062
676894 847174
776865 529505
555424 29128
454226 739627
876938 726517
159378 740191
221726 915688
299494 842279
473275 339810
412003 710779
174835 194401
25186 281573
767425 861051
970844 463692
773655 212937
516627 238412
824713 981537
596747 936202
667154 296024
237163 797638
931637 785146
994979 405833
497478 565950
861666 215634
744943 34564
615863 198788
851429 621275
53880 574455
558194 575498
874671 700922
511074 405795
250926 467030
361609 815896
279051 940805
304265 849785
568218 607960
620963 487211
202257 264386
105855 115543
188087 514446
951320 144746
290485 870820
790397 529283
845390 651879
111385 114098
742574 228953
187095 531395
273381 688620
994252 840742
950375 644028
337795 227110
723137 754505
540338 849781
238046 494124
608804 369597
919806 847602
748272 772901
688575 905862
457300 857525
68966 783755
209531 149553
295798 888922
903131 79127
776378 333445
842599 959396
930206 198882
6784 684782
994410 440499
752427 93038
856805 447926
904290 620169
358410 667181
390989 218096
793327 232949
199858 501999
526324 260186
444696 747620
747065 300581
767026 668372
384819 482085
124464 867893
118618 18678
259091 485797
235213 102736
784208 832661
810815 673793
879612 744878
322475 195207
43555 980804
331116 364173
213774 226731
320589 630724
840542 184495
125765 507805
171371 772142
637565 917198
90091 684863
633964 235042
342214 435496
653359 275839
874042 522207
800374 185350
314733 555531
254008 100409
338515 17784
34199 477693
758551 824914
275245 193628
724397 14193
853152 874095
321824 690703
718881 425275
206724 831414
700574 405916
644115 667704
855236 706517
468747 145497
673993 982355
35588 396766
574894 424980
186452 246964
153404 750739
623311 530035
603073 735119
849332 385935
567542 228095
15434 775218
439883 348399
593175 161018
786449 473571
784035 680856
139759 717820
970663 158995
878591 821210
317417 994674
293342 761331
835552 302329
220828 942623
842621 677011
825105 518644
766226 611525
199506 259089
668957 901370
469982 386001
704395 339390
990958 972612
953319 624132
42308 823404
734724 684194
159689 235462
538076 555442
860326 678854
181174 538795
62533 227745
662307 613318
939561 524129
445839 982739
297065 162518
597179 193002
818330 646621
266047 474371
682530 487986
506231 833591
128683 591779
315532 949995
511606 806319
81359 113978
276037 400676
325426 287100
61243 278603
755278 860132
840800 937236
150878 838702
600885 535481
541236 995748
565265 949663
459073 995814
386353 362993
800779 618303
39040 760577
964423 985095
377657 683151
490324 132547
446322 730417
386728 358682
669032 598797
687345 523451
988266 888627
558075 883275
869476 522249
446935 100662
843756 377154
354265 785465
922067 657287
289533 296482
781841 600800
376537 560365
100344 354003
870606 349403
789133 228950
559386 800564
170029 106041
633043 955236
325426 443213
130251 752438
954384 209765
493070 217858
70849 75501
596838 556844
791461 354892
860447 481619
277800 531086
687892 381237
621553 666099
543741 877425
90971 641158
423166 900237
693106 965167
341449 664540
448724 839421
738386 831669
125384 273161
369748 700135
429112 307251
340996 485130
816165 822202
427676 618613
153825 981963
722453 530083
432752 96352
950487 552744
613333 572690
502855 440538
474578 671137
352002 478644
26520 978443
533694 323330
645682 871258
806708 516616
598081 752847
434507 87045
25349 515997
