82078 248196
124427 167653
20791 364317
228648 127377
124247 342442
4813 67210
449820 4604
6467 49959
615018 553998
655656 18431
170377 79543
340494 543289
536904 208234
7109 220024
787997 603527
513433 356138
102776 41710
276803 897706
107223 81309
116209 480051
151337 169219
616828 262342
286900 128495
485084 752497
237003 259092
114451 353741
92868 67155
185477 73781
425104 479780
350585 245772
265584 68118
513662 442902
44088 577929
91657 223688
245972 658140
20335 103102
361393 327094
749837 415909
383098 460139
29090 16032
17829 390514
81733 686030
376351 39188
122188 38926
80776 86958
48738 446171
152995 891536
463374 80722
549016 92381
349361 100189
244844 86726
35043 209543
3137 15393
578275 61137
43375 682184
64145 201378
19752 347217
448429 311838
57693 304663
110365 222232
392973 119198
190373 10583
23605 268177
254610 290626
170905 178429
108709 73433
137009 70969
340233 39823
416608 101084
796144 229041
152739 195313
37970 243965
297136 188346
265991 188622
88140 38773
12668 283339
537680 206387
560500 46717
75720 10004
266149 357378
775110 194728
22940 323268
145243 161252
56736 85813
287845 348674
36188 558470
462526 19907
260853 288551
488743 327488
125088 519390
307189 35427
107704 10237
809645 290635
122614 613953
242605 223133
476879 42908
284145 237454
676102 226579
228619 392577
799915 604271
278641 123637
550025 62701
33746 241562
85474 77533
312711 238775
486784 75640
8777 14904
14365 7373
85786 54966
89802 15202
534851 1912
382507 1910
265712 60426
81233 30738
203161 115810
48564 892
14882 470199
78500 170245
359916 304459
28746 351836
328119 154872
46824 246575
65144 269806
103018 492337
300533 593
77809 602114
14819 200392
277316 94368
121375 7411
636135 222069
51464 266987
350857 131835
150137 35510
251237 409908
776402 586887
700242 191275
148527 251005
12480 25424
922361 1083
253618 509261
72596 437205
5458 62868
120331 75185
7524 235258
82042 71292
539868 327539
522760 50860
578382 533519
26950 193372
387573 382102
122772 65762
104525 461747
58432 245765
250518 3644
71682 307761
18114 297836
241034 23459
287111 421722
126394 24407
88193 5674
252547 20568
298853 367004
426817 217317
180848 26912
758876 143412
12837 542245
344912 141544
319446 165439
527399 18123
85584 202967
191143 94563
289555 101235
241231 186139
218235 741135
58861 59220
405231 13501
66457 6156
620799 726605
84351 433454
257876 793762
313139 446073
169740 111270
111190 289975
670926 58669
602286 255429
57670 278421
47134 646828
93897 808890
221479 61411
51120 25389
101364 213071
231563 120524
344209 761891
17299 123601
97430 427699
92957 250912
104963 827314
192681 405103
49715 128233
255164 115955
8235 184174
332150 563041
490345 175307
564254 473636
295759 22479
162499 338557
270862 689827
140693 133926
17757 320416
446520 89575
159270 97064
202423 245028
19604 4684
724283 234963
506043 41182
55831 169352
838087 774282
70241 349970
704971 150726
7677 412581
695578 369980
243622 104108
308596 39488
295027 77002
23582 70501
25777 290740
112061 466720
144000 34291
542909 155841
179850 15006
314598 179
157845 53572
156661 55582
619689 322060
300688 44414
86728 39161
33472 8647
568648 189470
44623 1434
152764 295353
339728 138238
384606 96231
67825 39819
38689 337969
588148 120014
211859 397979
68255 12637
282051 140706
121905 297749
210110 315895
692765 45765
74026 393958
1551 437813
436889 93706
387600 216661
102540 787879
817993 331752
774914 227391
5224 2098
431167 68928
61347 153564
273993 5430
5017 790575
6793 31394
223321 295576
68907 306266
48774 17655
39170 12579
156577 532401
651692 80496
136010 38749
163826 41714
269609 303590
102894 355911
640452 42830
45335 11668
58472 21681
148108 17908
388397 169826
52816 357509
95799 80764
226492 60641
422764 393329
31727 444155
172239 147190
292683 379184
367322 685323
331607 536485
63800 52016
141347 63742
577147 196738
577303 165747
121135 208979
215830 106041
90957 103125
173230 361215
337427 133288
365265 143876
383049 55512
900053 15391
25774 451949
19674 162769
20832 324776
102355 102842
11274 200559
337410 302074
166804 47210
265866 330297
302507 200230
112075 82185
480150 180588
436302 373734
654994 577380
55462 195236
296653 37754
43102 172696
105705 297504
100670 226930
339338 180573
513286 74299
451778 404820
74309 8294
565620 111793
295327 114156
167125 242273
144340 205220
426920 792175
70670 65673
280178 44841
90100 852443
65457 344115
82260 33418
103062 16629
53854 151907
1460 32463
206253 394992
61314 369013
104599 68739
571407 81467
190832 74407
82895 94019
58034 66675
383339 392459
24690 184244
133532 478236
141881 60058
108605 349429
383883 332417
82048 125017
340302 434646
120200 41303
338144 46097
892668 246105
183170 62829
170475 445255
314004 91116
277716 3860
253067 108556
73204 137431
21516 37553
6886 73447
150575 1324
3082 293037
100905 413301
138115 297892
236889 25720
684377 171530
267079 150442
248942 773421
663819 251639
712994 203689
537543 510023
581081 287
911005 51867
707514 186569
143021 178419
221429 97320
12218 327920
328677 729404
8843 846209
250050 240281
560374 481910
41824 12393
85064 440570
114021 257620
19174 844710
17317 393990
698172 227984
149869 736919
199913 341970
352580 161402
235652 212368
10183 11608
646741 214797
285781 149778
111483 250297
122303 569800
50579 343248
5439 51885
265058 386076
577214 18928
222725 391582
4717 35064
486653 73449
268153 87719
129448 321876
8381 502585
457233 390413
127540 110557
373787 15402
619504 52030
187945 208042
220168 52145
228889 314452
105027 112361
1086 99098
77216 48197
84047 447302
472352 96592
292781 261784
218962 167946
638490 12491
29906 171705
244912 40923
104850 122948
309440 21109
510524 133332
157548 707908
568180 292281
557818 152347
79478 34839
93340 232936
90821 20338
630377 122085
290154 169375
3497 124001
195244 324678
12137 66370
258734 39423
21702 8736
469244 267948
35930 100974
558634 542
226927 632001
34719 482592
76625 724374
55134 352227
199766 302393
529717 20746
136776 464262
66507 83124
87026 475957
435270 60124
16086 236423
54671 405731
490900 58074
233076 130456
456053 352641
274470 118115
421851 319432
223784 10967
35156 28692
61186 771980
9658 2833
496405 734384
137822 355833
59482 364653
785808 9516
96136 147663
89805 283844
137129 466907
79544 12911
46371 124521
82866 334051
125417 210169
467811 92235
17841 428983
649019 283711
600236 54989
156023 54086
145737 185343
598941 438271
116374 150652
114918 320967
659366 191008
349317 166922
189902 498023
312091 264523
160397 219064
407282 431252
668388 594945
11623 55059
225730 336074
521186 487781
126989 139716
604190 317305
439097 320056
79355 408434
280319 582385
280685 355584
218315 157416
2389 254844
41583 268918
313878 238951
69609 6454
822712 1595
232149 717698
185631 275400
161547 521604
200483 161
50303 106194
96576 514040
137533 599236
527412 195897
507582 13070
735649 269025
256459 9968
134606 137165
190667 169062
785895 584017
189339 433893
210452 272837
387708 36249
167829 246537
95367 578200
715373 226116
571177 62487
282283 447641
794143 100270
613 14568
49232 89546
727565 233710
388266 42315
86254 193671
19403 36185
735150 258788
73270 30303
6420 149264
25523 569302
467129 100042
164262 551594
753008 532347
27717 75289
25130 531759
548750 246292
18406 43643
416909 7720
59381 152962
161661 641866
1435 383593
223430 109061
686993 542326
197208 841766
223958 283854
208414 246513
306 372953
251542 309393
781994 241721
529245 53228
150544 140298
297996 72381
352569 495357
16576 18402
48780 562750
17342 384565
78255 690328
23316 783800
14241 308096
317072 114929
80418 554858
147459 388949
821254 372225
696549 475888
32328 29282
330647 148942
514620 86046
52953 209412
196526 73711
808339 495383
312583 686972
152345 94640
16872 26425
18541 185061
309949 226998
55226 6005
35026 361697
368279 212128
728107 213100
822528 205191
76040 215834
154424 298938
256433 317473
518430 152637
378872 114511
417687 91171
221037 356446
12879 3542
68265 146674
19715 521937
24540 45035
350902 469370
91525 974737
471751 26386
100311 479110
296139 112655
1151 326185
232077 441134
40070 345435
32678 933306
214458 131100
269162 87251
121677 290762
48839 33234
163514 303850
82262 664769
689905 56783
168864 143700
50654 72519
159460 312467
167997 145538
219909 503414
53189 146908
108246 77663
2683 195283
40275 7000
621514 324052
74669 221844
5671 58267
556014 33895
83561 6058
219307 95744
1635 529831
25904 49863
431675 838842
599513 225735
11894 619109
893911 359097
92327 63417
49257 188384
144906 333690
405059 263522
616529 287871
60471 92731
162202 195427
136620 7180
75625 913549
28683 484268
110643 803
10030 84
8267 90694
114139 39633
273788 561700
179830 43462
452651 698449
371209 40537
359619 69979
776025 113769
107722 511259
884087 67838
373531 3360
183685 459109
32481 97505
137955 10620
406151 298168
46356 123375
48359 120496
46923 350948
23109 570389
50976 61548
283086 30789
49686 186988
4061 83115
176800 148494
222049 8265
63360 19779
171222 45351
306039 116283
171747 776279
114400 115098
13489 1684
104547 23527
47022 137141
715532 1779
644314 40351
139881 5228
59694 67862
175562 124269
325079 126212
209500 653199
27200 278374
178445 396240
85364 94180
341044 602851
506198 500183
38750 286516
492425 114626
345371 385140
50145 66387
136943 498953
137226 44430
45815 42776
5041 250713
285598 492055
325193 310483
175629 576157
25671 78393
347193 345173
181604 236091
233603 177297
578110 37537
52359 103822
395261 670728
262220 11432
246700 77107
268509 47339
348928 200453
561063 220075
193468 90359
350585 368810
495977 53522
61823 157050
64679 44000
25970 26746
484946 128669
400957 616737
423617 337827
75579 13288
717233 139444
51515 217593
455387 766868
43229 141258
8141 148523
50349 183658
642 263534
282542 203564
105020 289408
234806 604575
111110 649791
427964 236997
485135 14195
50662 10332
523933 65837
437825 752225
181498 227612
165982 372442
537726 283990
132401 192456
693075 7157
164623 109403
17311 331365
93715 665340
34331 227263
236693 465245
12471 385222
86467 376367
40289 219658
237118 769111
224095 56596
514782 404781
675099 269254
168719 178351
88736 22797
349132 267266
346851 140435
285432 361475
329417 121415
217287 217179
360352 116041
624801 406839
368332 879106
756280 32870
253613 541779
143380 67545
247359 35740
633325 707491
420701 35290
212300 84985
1923 397831
948 541852
222573 37982
149709 177648
373026 178326
235538 72488
299968 773950
211854 17964
750 158429
436147 460498
381378 1543
10061 90740
135296 650228
170356 45918
399003 321757
186357 153669
306593 175813
126767 17846
401633 125806
131279 28539
102666 76662
453525 89273
533141 143771
198747 324961
1703 272845
354182 40559
101872 62823
573507 77081
521658 218456
64146 116928
157968 654483
22965 844508
13624 268149
3466 27517
419197 316240
234409 243590
53949 751587
548217 2810
660496 512609
118930 133701
2521 366444
78035 404610
59960 923182
70331 202715
621826 134859
204130 1347
312206 70524
495154 169472
67038 360177
234951 329889
133409 122464
879672 301414
398740 362624
248536 367912
63533 124192
630075 57361
879442 154271
168003 113571
330450 82460
269622 222600
6569 342621
116211 18151
183070 322186
21033 914362
97840 414636
794471 272587
109320 623667
21073 547265
7125 56552
120252 26969
132519 85213
419967 349087
57917 88740
39143 102449
47126 18994
386129 3763
221073 60377
25532 715072
4066 353119
143289 59001
15353 542013
516081 19101
97340 763041
294426 218472
20004 13237
381558 940
125916 161673
205691 32855
601452 61906
311191 334724
520903 50350
289869 8956
669454 380813
773005 10086
313764 683818
258030 74483
86325 357101
439360 472370
16825 755309
429660 157244
2875 406864
35815 159541
202309 76819
20933 818634
521361 679711
80321 129206
162078 242473
278935 202209
248024 150928
728827 384297
83235 133520
426445 730307
108663 29607
423266 174024
12261 180183
99541 15908
271877 453014
86937 47896
335166 415821
268218 299929
150775 4787
201617 434567
317371 571627
4215 5130
218365 52871
186725 112714
657451 24448
280318 189407
676921 642185
89743 123202
366375 41089
423817 194991
7272 55149
208026 459907
407926 331784
99550 22372
475565 272854
591747 305536
472507 333174
56919 401880
4347 44342
43896 101347
177373 54793
184973 885009
26277 12064
88487 5498
890230 333996
320571 541314
511647 359488
625312 33403
389469 605693
330463 206380
394922 56819
460145 340367
108868 177285
215995 196873
2000 208655
140007 16882
375025 181213
11567 481747
160783 19204
127362 596999
412924 800354
107344 158440
396 117325
748738 2564
173176 186018
9706 12917
46386 669623
20778 357019
8942 72941
383165 111865
84666 314492
619572 211993
455784 27392
150118 3195
115938 227292
491871 483552
32041 19385
394171 320613
136789 355601
265907 422799
401086 11884
12041 327335
132103 367542
23911 265529
5555 564165
149536 100364
311696 62130
302147 96731
26957 97328
247358 359182
413108 905803
540642 39878
9079 169702
64511 24718
787692 715368
35683 195145
370275 186546
609759 8565
823258 457438
24801 596631
627504 255319
167420 673871
284824 201050
471065 95163
20264 296805
597748 103814
119425 57097
86810 306759
5078 266618
115791 356555
111550 717022
74797 35488
202705 371224
96817 265540
60316 161187
42952 653783
351724 358459
466459 366217
104440 304071
64887 420683
43330 707856
