1 10
100 200
201 210
900 1000
478028 489716
289826 582734
652070 338501
699128 796387
75898 258484
133576 831116
671570 337494
599762 342316
662659 665558
9217 453827
630890 2106
480561 556977
191437 976380
567658 916657
546631 648285
883912 852082
758118 376221
851777 902649
798462 10804
645936 172577
429139 83527
438172 96772
828949 513489
421906 309662
789887 35584
416779 254120
329651 690522
752869 762909
870209 927674
239625 207154
819916 789094
954255 57068
4192 821628
236704 792944
400296 972402
440156 781387
178728 391885
263248 569851
446680 624225
245476 21008
4563 731277
505135 598327
747988 240932
700352 84281
471439 994371
955399 106522
50606 51074
53667 462689
973798 981638
496393 441592
220534 803122
778381 985577
846972 944893
790225 278728
22004 442463
873799 473200
782157 181477
731876 82085
641706 118052
257955 983257
428210 835338
847730 209610
469076 497743
321981 798472
601946 664459
581782 942036
220841 834978
235902 268772
572179 813722
255763 995652
492697 46413
356053 517334
19584 100090
690134 736954
428878 127029
72638 487432
479009 716287
278136 621626
211373 303472
314557 250983
322128 68560
943803 409642
708564 277126
532321 214305
951616 957224
992074 757074
140955 403505
256899 965799
2878 368528
164795 898010
955861 45021
904198 60524
331762 46566
427854 40206
10701 465256
602390 687
664371 798316
803527 566414
268981 776092
241874 759957
999171 806863
497282 906997
420926 702306
336328 477085
126506 660337
621730 750847
925858 661314
353896 616125
100546 819583
233368 898815
990365 515435
313751 344044
426809 171088
947179 117277
393585 695789
502652 705404
612400 392755
95061 999933
993369 549677
210013 947740
698587 636227
297540 348095
480571 140796
960379 651435
66602 97468
612903 710098
570493 573318
260757 926653
560281 997302
209442 724287
429690 953866
346620 228445
744730 558441
108118 958032
905772 738098
890676 834482
698928 120710
777857 704568
872354 179498
276966 254587
964684 455307
28625 406220
332872 51529
48830 805733
530020 409504
363369 258271
486716 959709
518150 226341
700724 747797
2246 142619
493452 122847
243556 892922
597489 192380
888229 537765
792351 469842
441501 165194
87765 757035
324915 470125
275857 936988
346492 373744
148366 322228
281937 709860
452552 151433
899229 316438
975408 153276
276122 901475
794396 468859
661238 36030
573794 908236
894429 65819
231012 366144
639530 335929
322405 318777
255764 964444
854539 114614
436841 118607
344819 2905
670689 235129
67918 797370
466997 569918
987744 43325
512184 259471
295500 298491
206726 689773
755591 385645
268140 617506
469787 502955
338083 907670
388465 308543
939508 110198
228805 759356
278612 376349
127829 573623
887344 949300
35569 195747
755423 354341
613811 23312
321802 267606
473731 425662
811306 44879
178737 229321
248627 79445
503466 648523
473417 586709
213259 408283
167638 412925
305625 442063
532037 962601
911900 433453
145551 419380
290072 947469
487132 900974
684931 903882
845895 808934
370164 158661
387982 657200
252997 548900
713774 152960
739669 272814
681096 187191
116467 952927
911341 365085
327685 422091
855543 443377
379108 755937
219757 517446
418419 669180
89413 706888
32173 103349
262010 451660
625211 402337
467588 166343
319302 878207
667373 697714
401256 575322
44600 864820
229905 517722
939812 955940
915668 73941
346229 311706
829151 811128
996659 565985
789225 763921
867270 602423
54082 821397
740085 645631
811973 679293
73851 207673
905386 647626
739300 741223
606043 306641
340714 783899
256191 352299
942591 280525
108582 688210
499337 288820
371156 937733
218005 495995
614770 160380
981777 85274
247256 668851
348143 721861
445885 575580
223206 421994
679568 867622
690614 962505
262755 801962
154260 31327
828203 518945
723507 613203
902022 936785
390869 222843
235190 789529
949909 608873
210499 849959
518809 448037
686249 457754
33334 383304
321649 132134
999755 772891
251747 517568
319530 690369
238047 514501
549798 473789
86991 66250
3034 273304
12498 505364
294893 910254
519126 247687
613997 761153
209189 245976
703730 649158
32461 895437
543922 253415
26305 870461
388028 60029
266749 278051
308903 707557
697698 504795
571044 858700
132003 301040
806404 90429
682 144501
908539 617648
895152 36160
282135 522536
171693 104340
516128 502216
755630 720505
590965 60050
636430 298286
576336 495344
202901 903178
407972 885239
260290 416950
717989 495368
585796 392293
53145 40744
658391 102830
655341 961683
570 553542
174233 453827
956043 172262
409118 690361
266762 228024
526310 82
495426 903191
806368 618997
504235 214678
631627 730691
226058 764525
673169 349615
390359 328206
947387 726313
204347 565101
634995 602727
56553 204917
893530 325579
532291 528947
756971 302648
819081 799052
218594 799632
418628 830858
561887 541313
788356 439215
720091 193513
59480 14413
858970 909611
152275 966190
47642 806356
925434 356621
77889 198988
524567 498339
27285 487771
790418 56857
372261 300607
100238 125850
473060 107206
648519 35218
990784 34946
228459 436874
967638 710874
620484 804290
770479 826608
149315 772758
645730 334472
533460 591101
89439 723619
211389 58026
631234 633075
933682 518158
160359 3494
110700 550271
101840 633418
668364 275570
228795 92623
319848 413174
217463 196432
539391 456683
745792 504293
355116 205058
796158 391522
631492 888575
462952 401948
35022 359232
393741 610538
614031 485055
35326 554099
187517 241082
33003 653517
746140 372232
785405 261797
974581 582339
39022 519219
539863 513971
235380 784813
692686 894978
299905 31537
433484 324177
10190 45332
18493 32351
20909 36848
48136 34687
46910 25302
28859 16770
14341 3531
42825 46148
15782 677
25094 48153
6736 33481
37977 42679
5717 12596
2363 40422
43181 46079
38588 3370
7762 7080
35720 45023
10280 207
29709 23541
25508 24920
40310 6200
28450 49486
2347 10584
16514 43793
25088 23250
27273 13064
32280 49341
42012 34643
39762 35192
30721 44701
4913 4834
1781 6984
49856 28412
7190 45917
1952 49049
20836 8613
21600 15637
8099 40298
42572 24612
34090 17659
14213 27715
30723 46493
27055 39086
47487 16817
24277 44559
11517 45541
49392 29649
18876 15600
24412 26065
11516 42715
41465 48703
1328 13064
14339 25778
3361 23263
16741 3803
40921 30954
31517 37995
43798 24923
27080 41284
41739 17708
2194 19608
13248 1585
15608 32123
17184 40020
24539 45051
32734 16003
43753 413
45418 24444
26190 48779
47706 9283
18933 4978
6588 16801
42973 385
41723 20052
8020 33462
37760 10213
19421 17359
28149 35028
49482 11685
25047 40372
6735 24133
6375 16840
24545 1792
41283 17087
16922 5340
42721 2206
10317 49308
19006 19641
16044 10729
39693 40415
10542 43804
627 29962
11162 45127
31341 26995
6811 6388
17367 29898
46872 23741
46737 37768
41884 4371
4854 25158
9710 47574
27363 36378
13233 46369
6019 29276
7097 12063
19690 33990
5866 36668
30303 33379
31795 11643
10374 4957
18030 27740
34854 31253
17832 47942
19021 26067
2312 40226
1224 28373
37800 28587
31103 17384
41307 3473
46660 14755
31887 32701
48744 37752
35721 29046
37482 17515
40688 47855
38823 25070
41946 40029
6322 9777
37970 41694
2196 6634
31920 3419
35006 36071
48357 32460
3454 39663
35932 16465
4417 17818
49166 3160
21921 34886
48557 9403
18752 39245
23609 7574
30666 15555
13954 3339
41683 1924
45033 43878
24909 26952
13649 26266
13022 12005
8726 16475
1668 11009
32940 6084
28827 48457
25596 17099
49694 24152
42853 18445
29748 16462
42370 10413
48368 6324
13752 6402
24599 25136
16632 49507
2087 30280
25772 31460
8636 849
14286 10303
11858 13577
32739 40684
12033 24686
24134 11726
48837 16987
46522 44937
49800 38892
5349 48167
11567 35452
4568 36165
26939 21199
2023 29025
17830 44146
26836 26466
44995 41122
3120 6852
4698 35858
13887 33083
26895 38020
44808 25732
5006 41330
37020 4805
46573 42368
19323 8139
44172 40243
10655 21110
27793 29029
16487 45623
23174 43322
38440 18168
34443 41559
41371 5493
43769 5257
38575 20663
43277 49734
12746 14634
41063 49765
35791 3987
8485 5113
28477 19008
45355 39131
40117 39500
34511 22955
35122 7685
16277 23561
42204 17071
15119 33575
22563 25239
38831 27489
45902 32107
27223 24999
13093 34637
24764 48883
38624 33248
20347 17100
2255 32054
22583 8723
21553 7093
31678 6674
14777 14306
46586 23333
47728 28056
6907 36643
3295 45737
14131 15548
44196 41353
40546 7288
42342 15309
22522 30965
14908 42868
14416 33514
24921 36998
8589 46473
10443 6618
19498 25219
20923 16083
14903 18650
44139 21809
21644 13785
33898 35775
29332 28093
43479 19877
1732 35820
1538 24253
33136 16445
8295 4511
3175 1124
4905 2201
9501 9966
3655 3555
5908 2498
7486 3693
4212 3229
2440 4775
6436 9283
4312 4589
1444 1831
8060 649
4799 9578
2023 8221
5361 5459
8514 3424
1145 1187
3438 9322
2571 6851
174 3739
3390 4356
7191 2428
8286 4189
4579 192
1453 4722
2035 5543
2272 2068
9673 1606
2632 6351
3511 7071
5415 7201
9451 6249
5186 7249
3171 6514
222 7458
8435 4769
9705 2230
3054 1959
1069 5408
9947 6102
329 527
607 9845
2531 9967
9606 8105
385 8018
1754 5028
6605 2301
8009 7181
9524 6463
2296 1658
2143 4618
9035 3650
1914 4627
351 7854
2326 2966
2712 2121
7570 8674
5019 9709
8493 7691
4104 8619
1383 1713
8969 2616
1143 7672
2154 8745
6929 4880
5152 437
1432 6970
4933 3598
4616 4842
322 5504
8995 5030
234 2739
6248 5103
570 4979
4394 4060
2971 5947
572 988
6561 1570
7031 9723
3305 8019
6882 702
8677 9113
1835 3778
1970 3388
6244 7339
4747 6028
546 9801
1715 9798
2424 9217
5576 2158
5921 5611
6338 2802
7073 8437
5958 6997
9674 8553
1229 5348
6252 36
1366 9814
7478 2245
1883 9200
7865 6625
3030 4688
6843 5947
9334 7455
2069 5887
6575 5946
6198 166
3930 9915
9224 825
1934 2037
5987 4639
1428 5572
2469 5142
4724 8318
5106 7327
7827 8964
4480 8629
1777 1789
8508 5550
1893 9661
491 9951
6028 3268
4276 2892
6832 6627
2137 6714
8446 5018
1009 8022
5041 1741
9200 5187
7221 4332
8819 4045
2386 9205
8821 4577
6877 6096
9776 9536
961 123
4258 3219
2528 9810
6113 4871
1761 3985
7740 6589
6961 9112
7016 2
1228 1340
4519 9498
750 4279
7307 2305
8098 4391
7651 7370
8082 733
3862 5624
9513 4781
5619 3972
3505 9052
8065 4159
7828 337
7331 5486
7286 4502
5128 7325
2065 5008
1584 3312
9579 6580
3588 4207
467 8774
562 463
6086 1598
822 8757
3077 6778
9434 8966
429 3801
2872 9354
5809 9430
6621 8122
898 3029
9423 8869
9940 7757
1810 6028
1805 9436
7243 3862
3483 744
1276 9237
2108 8270
7910 4049
3373 3927
2592 7932
6516 224
8140 5660
9913 1002
3290 6513
6775 5358
3549 4839
7441 2695
541 1962
3315 1112
9154 9708
7640 9664
1439 4881
9967 7415
2443 2218
4454 8686
5937 583
6934 4382
7334 3449
2047 3883
7029 113
9725 633
9834 8455
9750 7246
5228 3595
4235 2724
8739 9319
451 5225
6926 765
667 8695
7164 7531
1357 626
8692 6106
1506 1261
3259 9330
8587 1585
2093 8431
1218 8638
898 138
9539 1872
6098 7326
7886 3514
3687 6726
9469 9288
6635 1322
9476 3177
8097 8239
1234 1403
5383 5177
9918 6309
4049 9709
9641 401
2350 6163
2713 4451
3761 4204
4357 1290
9330 1728
2243 8640
2197 2229
7803 227
3789 3417
5503 4241
4915 9518
7004 2227
5262 4450
9421 9466
1653 6855
822 1
8826 817
1490 5606
6463 8051
6525 8196
2731 8292
3887 9459
7715 4708
2133 9780
9732 232
3782 988
3796 8909
3491 3835
4231 3569
5038 1697
2820 7466
7511 6526
9759 2842
8982 1747
7163 3848
5531 9487
3905 4686
4459 6304
6165 6442
3233 2390
231 7640
9851 4148
2789 4259
6067 8961
9267 4665
2269 4028
2586 3730
1626 8185
3143 8252
1601 6791
5763 2726
2919 4976
931 505
9617 3775
5692 423
8985 7056
4270 3079
6829 4489
9672 4156
1797 7306
5344 4358
2295 9078
262 6895
891 3349
1780 3756
4071 3585
8008 1468
9682 8618
5535 5522
493 8518
8894 167
9897 1671
5355 6934
5000 3724
2315 872
3078 3008
4859 8261
9684 5089
7917 3327
603 1148
827 4382
5255 1061
2107 1696
6158 2229
8765 439
7642 9507
7559 2033
7119 9876
5310 6409
3893 7920
1540 5802
3784 4615
9554 7979
2595 2465
1369 3078
7898 4569
7848 3606
6490 3896
7838 1561
4417 1706
9162 141
7504 832
9903 33
2964 401
572 1908
6859 3406
6483 7403
7907 7555
455 3102
784 2531
2254 6789
2653 8892
6477 837
2161 4187
1564 6774
