1942 7752
6188 38590
152 26667
2030 7361
4459 28711
503 9856
400 23244
8964 38629
2331 8014
7320 36460
2462 13538
8224 14575
4562 29252
3873 37643
5049 18111
9832 3343
2214 26019
8284 38717
9037 10314
2429 3496
9024 42932
3351 45775
2527 18666
4403 34857
3032 8074
7668 21845
7964 32243
6419 8877
1494 10291
6519 2895
4754 36350
6237 36967
8721 14520
5684 14109
1185 38112
7604 46560
7395 47307
2335 29921
2324 43089
1130 41707
7515 35149
3551 5478
7392 49969
4354 28885
6612 27224
1779 37717
9926 4367
1035 24998
8887 16718
9106 26423
1182 23062
2983 34928
6720 31669
1201 19043
1109 28682
7102 8623
3830 40652
452 31221
6973 11157
106 49936
4733 41884
7652 34658
2603 28686
6007 31489
1756 15112
4263 49289
8173 13597
568 24892
5265 48120
287 36374
6801 37388
1348 40631
4391 41800
1851 17715
9308 31956
7650 24040
192 21653
5049 2794
6691 1055
634 44798
6167 41248
438 20691
4845 27357
1935 109
5477 38573
2834 2277
5960 14182
2907 36702
2333 31110
4417 41640
9417 38418
5680 35960
6423 40728
5105 9465
1783 22090
614 24301
3338 47403
1343 18182
4759 39629
4642 235
8201 3828
8864 20512
8009 28122
7214 40341
9231 27982
8332 5000
2751 14011
959 9173
1091 46064
4989 29225
8153 5602
9877 47842
9356 31219
2375 44115
848 33369
701 49048
7196 45916
5912 5204
4038 43125
1896 49620
7458 10227
4619 20208
590 45578
5733 28032
7993 30721
7256 42497
2675 27132
6691 22030
4702 39065
2496 45549
2433 43197
949 9628
9112 46860
1183 29501
6336 9430
9121 43793
6009 91
352 42950
2020 26084
981 20012
6805 28236
8861 25831
1719 35551
7860 46420
967 46708
8321 13400
9904 35621
9379 45367
8832 36914
1220 21519
6343 20340
5311 32351
6782 45662
1652 48802
8098 12632
5165 11254
7219 30377
7084 28937
5927 1295
1709 6894
8002 29
6645 4257
2001 26023
9624 832
2936 40843
2350 25631
7534 4012
4333 14315
6025 15985
9468 4122
8616 14633
5375 2187
5009 2458
1123 27288
105 39183
4181 18106
9211 37177
2363 7563
3199 38338
8394 42487
9180 47095
8117 23065
1106 42449
3731 17131
8433 33199
7604 3401
7831 2979
5587 9191
1788 3061
2830 41892
2244 37010
6350 47806
538 48712
5369 3737
3401 30114
6223 48932
7209 30691
1996 28314
3139 25726
1796 47924
8924 49400
1324 23106
2378 23262
8649 40517
6322 1478
8761 18565
4840 25110
2723 45377
173 38091
5465 43573
8204 28039
2504 45412
8729 14499
78 48220
6576 1873
6143 31852
1272 47466
1309 20001
7079 19957
518 13400
7787 9278
8317 42626
4387 31039
4354 40911
9129 19819
4483 3684
7857 43338
5448 22938
4188 5525
1157 30763
7397 17299
8966 25021
1116 275
5021 18194
6583 5538
7945 24369
1167 46261
6994 31905
7299 37700
2815 12779
3870 23649
6463 21726
6986 31910
1015 7525
3786 32171
8288 27534
5821 33605
2554 13288
3879 13927
1481 20462
9464 29426
4830 16983
2038 28176
8887 19337
2227 21702
2115 6096
5350 14929
7821 28688
6838 5188
6212 16975
3710 40851
4509 19531
4456 13414
2818 8334
7340 30651
5147 13156
6428 6329
138 18465
4504 29024
4153 16730
7077 36268
2825 28779
1196 16997
7466 14386
8536 43677
7712 42246
880 8572
1776 25335
1986 10945
20 49325
7947 45167
8832 34374
1495 8969
9191 2350
4345 23343
5431 21421
5962 24607
199 43510
1603 24016
4247 46491
4045 21958
8736 34924
530 16863
6610 18867
7807 26629
4543 35754
8147 13375
6479 5993
8695 22021
4694 43039
5364 10124
812 37677
4730 47362
1186 42685
1378 5432
9175 5422
3742 44262
6697 40623
1124 33306
9489 38930
9934 44031
1035 14433
7405 43866
425 46100
5886 45119
5490 27601
1594 2653
5278 22676
15 12815
1712 37744
4599 37238
9517 28340
1499 32565
8962 42622
5870 44802
7903 42155
8832 5290
6587 46237
9155 43364
8688 31392
4834 30529
8993 42779
3182 40622
5454 49548
3436 47165
3643 4386
4402 29511
9077 15900
2075 34390
4873 27944
9191 22776
6450 18023
4417 9389
611 9923
2752 5650
1314 23937
6178 16658
6715 35711
7279 48521
1610 27067
5685 5252
1452 46439
4762 30529
8690 13188
4918 3563
1131 10461
2690 27581
8483 37106
3321 9093
3380 6072
1094 4693
6360 17271
1351 13074
9334 44981
1594 20943
8399 23631
2547 36203
69 27308
3083 48758
6848 14352
8672 47978
4812 27713
1910 3294
1170 45230
8738 44549
7653 9831
9242 14012
3454 36944
3438 12787
8276 5031
3729 36675
5013 42627
9229 15081
6287 22311
191 43134
6662 15214
1111 11474
2927 49373
1119 24096
954 9857
8645 44959
6039 34238
8970 45844
7533 18759
8630 2160
3790 8711
5186 35154
1337 44414
235 37623
6724 46777
756 19738
1990 38219
1211 4916
3943 12329
5364 31248
8537 30360
6206 40928
949 1528
6771 18481
286 11753
6992 10427
463 42178
5581 38151
6591 12167
2126 19667
8943 39233
9404 37284
7451 20614
8552 47745
9294 3915
8993 4183
4274 21550
1462 31574
3077 48232
6406 43363
6336 3397
141 13150
5574 15721
1301 48517
7887 9778
8183 3181
9010 23938
465 42813
903 49016
557 26548
9282 35901
730 3555
7451 8543
1480 46879
3127 17885
6593 49462
1281 26734
2612 16855
2454 30264
1723 36693
41 16257
9873 39050
194 46689
8214 1096
2056 5123
7643 31337
1023 24725
1243 14825
3267 2722
1704 6393
606 18296
5855 41887
5029 34818
5093 3835
5081 6815
6879 21473
3071 13103
522 29616
9792 25088
711 21847
210 24705
9536 37584
9429 20778
2409 32696
3500 30464
5440 10457
5111 27646
2343 10140
2463 43787
326 43895
6953 37204
5367 6375
6658 42241
5990 42801
7328 16700
1000 13889
7757 535
1472 7185
1312 3880
6232 11163
695 11672
1620 15806
9317 40314
2297 18132
4101 22622
2026 1053
6177 43745
7428 9186
5985 9769
1987 3312
2821 32986
7200 577
3520 35023
7761 21183
5255 13993
2346 5949
2016 20317
1754 47684
630 30402
2167 11082
9375 44193
2135 45551
7937 35914
1089 40273
5682 23075
9936 4854
6060 43487
5430 5931
8509 29543
7113 33763
9887 25810
9712 1902
6126 27817
5937 23108
8219 48104
4189 27593
2296 12675
9496 46584
4940 10584
3208 26974
3658 13143
1827 6069
6629 3609
1999 35137
3151 5463
5252 43037
1273 24963
4938 43750
9131 10874
3209 43701
8977 17398
7646 17624
6424 27141
559 27716
4076 33766
4689 4085
3260 2867
153 19888
6475 38503
1377 39625
317 6628
2661 41589
7942 27598
1691 17072
4824 34899
7125 30152
8648 14770
4128 15072
1910 11038
2787 12337
1156 13827
6421 24415
6693 42925
4303 23168
7779 15679
9144 8095
2306 11805
6036 36599
5754 17726
3670 26929
8976 30794
7081 37624
1915 37560
9047 3824
4949 28185
6160 26104
2011 48932
519 8703
1856 11173
8222 39634
3203 27366
4081 31860
9170 30116
8458 11275
4193 38479
8204 33168
5625 11636
791 47539
9195 6189
7715 30495
4373 226
6599 26383
9158 23469
1438 7365
4641 16011
6999 44195
3376 11079
6054 48897
7546 44511
6524 21738
2989 14727
4905 18613
6362 42048
2504 41908
4588 218
2402 48961
443 29000
1695 49600
8820 43132
3317 19812
9143 36667
4006 18870
4097 40059
4119 21642
921 10642
3379 262
5368 14635
5226 18081
3034 17729
9988 37622
7946 48741
6582 34741
4093 28276
692 12912
7760 24008
2724 13254
674 46729
2123 24770
3140 32593
6411 4060
3234 6141
673 34953
776 5899
3033 43809
3627 29372
1430 7925
8113 34363
2665 22205
2639 43356
1468 16750
7364 34191
3 28037
7272 12125
9159 16763
1070 15569
822 4303
1710 7847
5608 8837
3745 24992
8997 37371
4364 427
5295 48828
1141 4311
7384 30131
7667 38851
6880 31382
9394 26882
5770 3017
5359 44928
9779 16428
6849 6952
7082 48558
4798 42689
3746 28542
7681 42742
2265 38396
9520 43911
3575 10661
8222 40958
791 12240
6160 4023
3621 35553
904 35742
4921 36262
670 24699
2689 7518
1651 39771
2427 12800
2459 12524
1342 16491
5265 23606
4886 31137
3868 8460
1797 32089
5769 48939
680 11929
2961 4300
3833 217
42 35106
6478 37063
9804 5519
932 7806
5289 49710
606 44099
2233 11947
6942 33849
1904 48179
4985 35771
6639 23133
4212 38759
2072 44891
7039 41384
5543 47224
1600 21936
2329 44430
5350 42132
9948 36281
6290 11588
5990 36895
5686 48222
5193 32627
2070 17096
806 13407
9218 3796
6539 19781
8906 24962
4672 25945
2698 46566
3168 40649
8501 21848
5078 43850
3979 35025
6482 46620
6612 32471
3514 18650
7044 48706
7628 45465
2153 14785
8871 17723
8580 11762
7503 43838
6723 18526
9782 19420
5091 9301
6421 49943
7500 11498
144 27830
2875 6625
4450 9486
5447 7963
4487 2490
3021 12115
4307 5173
6899 39529
9247 11831
1290 26750
5668 4365
1627 41801
136 43070
7453 16556
3012 14952
8054 19508
2781 40928
6132 17230
6765 31579
1545 11252
420 14565
9718 14726
6089 32968
4255 25336
4798 21896
8437 16817
6260 30063
4969 16396
3132 8773
9303 32496
3724 27356
2003 32857
4635 44486
6438 17752
6064 24334
9003 26484
8898 35072
7561 41339
8039 28167
6674 29189
63 1462
6005 26322
1524 37326
9069 21008
6098 8372
9855 36174
2079 38209
5382 36714
2694 1819
4465 25110
2505 49819
7945 31402
1242 25505
9092 19280
3672 5765
4820 3734
7226 10825
6407 5102
4502 21828
2461 10599
6551 28667
6772 48629
6875 32153
1694 15920
324 22510
1029 42828
8680 8973
581 39921
4478 29673
5553 4501
1789 40372
4586 25367
7548 37344
468 32049
9171 39280
9000 22073
7946 5771
702 1172
4276 38747
7091 20951
1257 8120
130 16288
7092 37062
2561 17921
3086 48113
8773 34875
4836 13358
241 38736
702 7060
784 26224
2691 29783
8297 30636
1906 35350
8159 22533
4096 15249
3483 1704
3368 39964
7992 6812
7025 40552
1084 10111
5016 29857
1337 9851
9566 37929
8586 26619
4988 35722
2843 24030
1856 17491
1017 33761
2840 19175
2645 43287
4423 32479
4991 24143
2442 29334
954 15819
9885 38389
2281 24900
4597 3617
1102 10515
1545 16040
7133 2884
1761 6327
3265 49968
3817 14281
3729 43008
3455 22725
6295 17877
5204 47637
2019 27645
6970 39324
9815 13206
4065 2095
4457 28661
2063 5558
9175 29959
7949 42660
9194 6061
8986 42458
6029 39155
6738 6109
2162 40192
8833 34808
4421 34036
2444 16439
8033 9413
2115 4199
2618 16179
6294 43426
1191 44708
8984 16718
4667 3284
5729 23860
9345 24714
6318 15373
220 23055
1481 12382
3247 16665
3541 37667
701 45985
457 45085
1749 8923
9283 10719
1453 21928
4144 2644
6636 19479
5713 41302
2763 11441
5161 32107
2506 47830
3831 32726
885 1663
1459 483
8327 24999
4501 19027
7335 41309
463 9084
232 29746
6154 41684
1673 6649
679 18308
6128 46391
5961 15242
4183 7474
3700 26689
5303 27530
9414 26187
5544 20872
3021 13870
2222 13873
9249 49557
5182 29711
8640 21765
9456 11145
3448 27481
7793 40479
2140 10272
6869 38101
5513 27404
5574 5564
4092 17228
9445 29857
3415 44988
728 2787
8858 12949
6660 8106
8857 38193
4168 3848
9957 29976
4992 23404
7456 32785
234 35947
9408 17103
399 34921
4506 35972
6836 14949
9552 6281
4805 29318
1268 11884
2104 10125
4832 15115
4582 20041
3307 38750
3888 13263
8725 38880
3019 26180
8016 33252
8478 47423
6706 18877
8695 27563
1200 5531
2511 40751
1811 37315
68 29430
5550 2172
9555 6734
7286 40488
6774 36945
9237 661
207 47961
9540 19577
492 43907
2829 18970
1330 19534
7846 6376
3449 25397
8258 5959
6148 40068
9626 36215
5850 25175
4738 41756
1908 22024
2243 8681
8968 11480
5694 25526
5792 15233
5103 16284
9140 14283
1605 16821
3816 5802
3196 13616
1198 1454
9575 47345
7873 45552
9912 43722
7078 4649
5477 35338
3024 17720
4018 18343
5551 36063
3869 21342
