93724 31206
67350 34948
81083 78097
19743 95967
67180 44997
35056 11621
26897 80555
91073 11372
44219 88420
70549 23743
87611 75017
8884 69627
75869 24083
8370 44664
43615 55291
8942 26547
5938 58524
69944 87936
55925 55676
73759 86436
59806 34772
67895 34474
12793 97684
77575 84623
23457 79872
4711 91724
36921 5605
57263 28183
70434 1090
87131 91865
12529 89551
15363 83950
98336 91035
50579 51538
80893 88950
63672 96039
31530 99342
98898 67870
4738 77910
52717 97580
76518 58996
84822 47972
27363 51967
70340 46604
32539 60284
45210 10556
49344 47534
54057 33396
82430 96658
29598 52007
84072 98823
12488 55691
72029 82120
64278 35104
62011 33811
21137 8003
56622 71245
63393 99070
31230 99136
25492 45547
47220 13289
96659 8347
33869 85787
17721 91418
63512 73417
57101 84289
30977 69597
4761 13816
13381 40324
34107 62737
11002 30856
75447 5370
34005 29280
85222 62406
50252 7606
5803 7005
58859 21467
75580 98041
51896 98694
64646 29187
12958 29875
47631 23239
7016 27210
47174 74714
76964 46094
90770 22498
41997 19688
24973 33823
35859 71207
70778 80144
94037 85061
92489 91611
75870 93649
1012 20255
27311 7614
88977 70972
1200 90294
83110 54703
42378 7403
53275 79710
33565 11279
17298 87879
39729 27696
81948 16872
32487 55896
31736 27699
66050 33707
36083 81044
51191 30351
22814 95910
39587 2588
24858 54419
88064 76281
76699 99790
37890 2554
53906 75385
78481 91942
56240 30603
66337 28981
19093 52897
2774 72617
74224 18893
54272 7946
39081 38434
98128 98460
30376 39385
7156 1080
69864 27209
75126 38231
66378 71429
53226 34664
7203 92020
66058 84517
80467 11785
5849 96785
62767 58211
21720 48105
76407 37916
49498 21072
32752 6816
52435 26960
52929 65449
1380 82702
33378 58213
55752 52598
45086 89782
24510 12782
19802 25534
89419 97241
6984 38800
36996 31236
35355 52268
30272 44229
54912 79376
86849 68578
66072 65114
68708 48223
46640 765
70945 33752
98202 38838
56100 84258
62704 17690
8960 86129
55897 26977
23323 40713
25080 94601
50327 6354
51072 59431
34200 82694
38155 96128
26272 92763
90455 20279
87653 57011
62053 43598
16806 95924
54770 99385
12261 52871
8811 98564
13238 55696
75114 94805
86764 14907
47038 90843
14594 40956
68411 55519
15783 61298
63819 91211
90626 78333
55472 83313
10333 94047
94484 76683
55926 72411
48585 18344
13944 85004
46254 92576
48869 61099
22243 3971
83018 58408
98734 11673
39669 90743
76721 46476
11171 6081
47437 59117
5776 79120
90446 74262
35407 75082
40348 5198
84679 46817
13306 85260
96433 9317
47264 61856
24228 45400
53718 28617
24293 50581
80169 25608
34507 69968
11871 63430
53576 95049
25750 30036
41919 70274
87549 74066
54626 51657
90286 38843
64952 73274
64607 44736
95364 79144
24971 61222
70943 78010
71525 87050
46905 48110
18135 53037
84782 32255
57467 51954
82533 43800
39951 44868
57755 93570
45968 34346
73330 10672
9165 55123
59023 47933
75909 13822
27344 99937
45769 85707
67187 94590
9997 25128
59812 70242
55113 97992
82225 82959
61857 4833
53099 54410
22534 58718
21513 4175
83669 44253
40434 50703
18159 99844
5352 74744
75664 13484
23738 8382
75409 1349
83987 15993
84109 60637
62356 16946
30640 38319
91514 85
22828 80134
67386 9297
48476 99838
5236 5049
40737 8807
96388 43188
40074 14884
4113 72966
54405 89996
28238 4200
99904 4487
21865 20624
35264 64591
23633 85240
92361 14202
63664 26040
75693 29372
81197 66210
85739 82474
6968 49645
42644 87823
15521 46212
34991 33927
36262 42076
27363 89923
51720 88949
14568 53194
90067 9107
38760 38888
2573 94685
24609 9715
84057 48479
77451 8093
36550 96930
6224 73478
48149 73662
32673 62513
14606 5802
16321 20852
21586 30147
65589 39010
44944 73467
11091 29473
54010 87569
30423 72238
1722 32486
45595 88872
38577 15180
63040 35569
90446 34343
47987 97145
83760 32505
18606 30134
92185 32480
85434 27727
93164 36727
32254 68800
76371 82811
32605 19067
2430 32322
27635 26276
74096 43949
36517 55449
16685 54946
21931 79297
9179 58034
61522 46783
36741 19794
34861 81797
44368 27884
67994 84777
13785 75115
31709 70366
69113 82675
65315 45284
23728 56208
30645 24192
73625 93983
25581 9128
11814 39173
89694 96529
75244 30493
12658 73085
55355 56170
2590 97760
65247 94518
34524 26896
61980 5103
41538 47394
46339 46814
80107 32175
38268 21983
61151 74833
99316 72757
46719 58438
67437 39375
53801 29631
40727 66417
65977 79572
23162 18023
16463 52900
49847 412
82577 88326
56318 89785
20187 26014
27658 68626
82720 58690
71933 24353
50163 85426
93581 838
92933 13871
1413 64536
54427 3459
21469 73706
33232 45921
33321 51086
93818 42266
26447 34090
66171 62506
24600 11136
37339 37975
31725 56582
27215 188
68290 53998
24541 8883
74125 87566
9100 61558
64391 67821
59029 9736
79731 63482
20466 52669
48194 66061
54748 48760
86950 22933
36259 77796
98693 60579
17182 86490
93132 84254
14075 7015
87082 70549
73748 7689
69448 63793
76432 24754
87394 39850
45581 81996
37206 25235
18111 6845
85220 1701
78001 73508
30640 92501
52558 71663
57381 67678
94266 98822
82331 7234
7877 6373
64423 48654
28353 31072
40315 83355
85716 15913
98808 99525
14478 6502
23334 3738
17246 4733
43104 8093
66085 97220
2574 98714
13561 73340
89785 94063
31583 33234
59800 23943
86388 3593
43239 55487
26158 97930
50939 84851
69037 84978
13609 771
25986 55454
32799 36420
79588 1958
44637 96408
89900 3985
7463 86191
76929 10993
91350 74547
65348 42487
88475 97440
1031 46442
56513 12622
64428 66861
57838 47295
84464 52266
75168 82451
82853 69849
49769 73270
83632 74108
37588 10895
10199 81135
87093 83304
69716 3447
8394 43156
38697 81713
8688 99488
37352 34594
56122 54261
9506 99810
61195 16508
87200 29009
15388 97326
42009 97600
29945 44395
85153 39534
84640 81974
98441 71512
56811 92463
58552 36170
97458 4067
7799 2616
509 79028
26380 86400
44533 44380
75560 29934
60074 8226
15928 70616
452 46270
10938 8426
15334 27788
58509 81580
74197 96101
49154 48845
54592 58910
60546 67545
58395 50911
57435 76958
78248 71161
55050 89449
10016 14249
5532 62747
94750 99086
84353 24258
98869 17130
69246 32294
33370 85402
99057 30708
11167 74348
28258 43122
34487 10259
23417 28056
70533 27703
62097 60429
8360 94763
9176 78982
92135 15472
11985 82118
31682 22405
84113 67682
26479 39054
62906 86922
87376 36165
95898 23258
33151 89383
14965 89847
8797 51651
74491 22390
8164 45597
45691 52676
47722 70592
17128 44905
2215 67979
14776 19237
17223 61226
80944 21385
4968 99985
83367 80188
21029 77669
19838 36747
37630 64893
80247 78930
87603 29315
78131 3046
37677 34724
4571 55886
32266 18590
11711 31144
89627 44753
36644 61474
35960 62095
76783 52517
63408 30213
9944 59818
44900 98671
19683 7351
88852 88564
76013 30203
88194 6515
86235 24773
42829 86242
66673 63195
39173 56857
14836 61521
44853 736
86194 56444
91944 19522
86473 11992
24365 63888
65737 82315
46567 74041
77623 18658
59059 95900
76330 7162
62043 79492
59420 94064
18856 74911
72030 39996
41180 96771
37063 69341
89929 42977
6875 27020
46196 10780
972 60812
63854 49159
43756 49002
28025 466
69159 28171
45429 79421
19008 85982
27091 12745
50641 32223
84923 24837
25937 2585
10981 478
96321 21229
51247 49174
44206 73402
11669 19823
85420 47543
69569 84394
1775 38403
72153 40914
41017 50613
35930 96533
73637 51805
45752 33609
15333 34423
87339 88685
14250 2725
48288 58164
34393 65834
5289 27309
78238 36923
37330 6009
26607 20484
80119 33536
35126 33286
89058 52533
91397 51362
14726 114
5541 5559
67573 73996
92408 26501
53227 91479
5873 44149
32121 33375
69182 33862
78478 35657
56790 64713
12155 73937
49534 28590
73061 88147
70025 90764
71137 87687
61574 67938
96555 71486
34642 62963
14299 30420
57695 6575
90139 86494
90153 29342
84969 5841
306 84821
46079 7691
83723 81737
89842 86812
4542 14340
32491 38817
71933 87252
4824 83925
60055 48917
38995 13833
77056 5057
12604 53922
37820 31779
12630 87320
36027 13939
77124 54275
94536 83002
22855 8686
5262 47936
64363 61946
20801 97193
45996 12952
25894 49956
86277 17082
84512 35938
17121 89074
14059 41661
33503 66120
18637 97578
15637 20200
23915 83930
50707 23398
22532 38994
9382 22430
33685 87431
69544 72375
93994 82961
19010 88204
14837 70515
73001 81693
79520 81812
67194 72832
3190 91478
87379 7001
91805 91374
69632 58634
26184 47925
18846 972
92308 42621
66340 42866
58345 72437
40522 49902
59500 59286
67560 81570
75637 50142
34216 91378
15328 73969
65004 2265
70155 18663
3244 6672
19831 26426
16408 23118
30447 14986
40262 59671
8474 58179
42375 46040
36644 64934
44364 16771
41309 10320
72439 76854
58470 89061
68577 21640
39511 66317
88154 92298
32862 54593
45648 98894
9488 71553
29807 51687
6849 19797
92506 30436
77220 54119
58952 96547
15126 48020
54623 42422
12158 26309
48796 30966
77358 57032
20544 6439
9485 23428
98095 23935
82458 1785
34049 91301
78190 60458
94536 17869
49684 35401
12043 92907
70236 85598
65061 29534
951 60633
13180 12089
82491 69844
24726 53809
65103 95477
44477 14920
62601 56906
83411 92748
71862 14885
95346 88283
78407 30875
26519 58525
33732 29010
80663 30081
38334 46889
12621 80850
43616 6265
57753 67455
54030 84898
41101 30761
96725 70973
37994 32561
80282 71930
50824 62932
25372 48921
41157 96145
11618 23729
7442 46929
67619 12227
71737 11916
94968 36288
78531 82430
7148 14290
51645 76734
7895 31072
35678 64618
46007 74628
66683 97809
14453 38474
16574 82711
39720 14197
84646 46132
74724 52545
24265 47974
77616 69665
23874 97774
66522 8890
91491 57797
91516 56006
37844 45091
71995 52418
15103 28355
46436 92281
34614 36957
6653 61342
26312 44851
45418 52910
7636 91926
6645 27997
37156 50087
94077 41151
90842 87325
82509 97830
83666 9707
78103 52729
72649 43484
92182 60483
79650 18868
62519 19983
28554 20467
15105 27156
16548 63692
89488 8775
52022 38680
65164 19513
51183 18457
73358 25364
78661 9823
34340 54462
9106 80697
77352 64139
59105 35789
56606 3321
68110 26424
73029 8123
72589 24434
99227 3932
16564 88221
18004 18366
36012 44675
77788 46449
70097 48530
94290 78427
99405 89287
14279 2144
24922 88152
38602 53428
25303 58426
8820 71437
74984 31360
44980 45885
29080 48452
51680 274
36776 56424
68597 95182
34241 50892
48448 91629
12389 50286
13627 99181
17760 27308
45982 17347
35383 44029
3288 23307
71798 53187
42776 14482
43944 780
45777 10645
89350 85635
73568 3342
13149 63190
56618 22258
47856 85388
35924 37805
81253 189
38229 37757
61484 94612
83905 84541
68887 38681
40453 7006
84378 98317
37375 18686
65045 58765
73084 19407
57152 20947
22410 32303
66383 80789
88295 46526
19971 70755
23644 52779
62179 16765
21335 49280
31160 50808
79311 29991
98041 46913
90580 86214
37869 17392
53867 71928
85554 43344
6488 75692
73250 39395
17698 37331
81838 23523
74571 81920
31114 59005
30315 99596
51180 66694
54112 74919
10048 45084
27752 61409
14944 28875
48278 95347
16688 45546
88729 7976
5222 32090
59485 14970
9987 99911
23191 81398
35840 33831
20456 83470
60815 22059
19189 80746
53014 61443
59246 4592
72345 29660
90346 210
37257 66358
5280 36647
16950 79603
67056 61571
31309 17010
16768 18751
42605 68254
11331 73233
61695 95189
19369 42822
62927 83754
81477 92722
12401 72311
14629 44779
73962 94444
34326 73137
9939 1869
33027 66242
7721 33889
16123 58151
91414 89988
96053 37622
91445 20631
93942 4995
61172 29371
54980 22177
75699 16775
19641 73795
89821 92871
14263 8692
42972 92910
59906 1150
62236 1459
55463 61936
26056 13411
14221 18646
61018 59405
30808 21112
96950 74177
32746 2884
3218 63499
15843 4756
88894 93300
38443 18285
87117 14206
46721 35042
27341 49153
11342 87953
83463 99501
32947 62829
35919 62290
99408 51093
35860 68586
62433 85957
53039 80767
98523 67072
53743 10699
22601 29938
96315 24154
29206 28420
81527 76225
7548 29519
3370 54069
77679 18650
34841 19853
38560 17075
80883 96735
18901 68233
6224 87593
39832 15208
32154 90815
27821 68240
85487 13633
26899 16555
26723 44741
2322 86169
57609 12464
92941 39636
96737 61803
16371 26913
75631 61837
1671 77646
80060 15652
72914 90558
40866 83642
24856 15189