593583 78202
591906 491037
472878 716820
763490 133882
706527 791347
996035 602341
68414 702277
894226 405542
861869 789470
33306 383221
48297 582933
198199 285674
328564 735785
829101 13964
237522 611826
799473 398496
504990 921142
147689 950267
444693 988843
158849 571288
152266 955137
493267 40533
47247 822166
847651 267189
802296 279699
925335 851875
504981 583117
224909 760533
108077 836699
541288 897845
659388 377017
881173 609297
37033 955119
332083 52310
717794 137307
587911 327108
765341 922309
5137 166066
55641 621773
975375 971817
332224 829772
547953 258096
388170 508478
23925 451059
108771 845362
206082 887799
825521 827210
415968 399334
438931 344080
262641 727789
356619 309343
422312 914181
374058 276251
940843 340272
49923 507597
382834 485731
748831 902459
193394 357395
571846 68707
224222 625746
996928 280937
859313 184863
118454 455283
899998 147553
352410 630090
469848 18796
794459 674031
475110 532214
792464 905589
872090 77294
390460 796652
932772 134620
861607 215652
502506 776427
141409 765317
756427 801194
87782 313822
760646 667723
707755 609981
828856 156396
974560 81424
619199 464298
164429 155068
444074 21712
135983 472316
310807 341384
31514 156719
102644 324202
246141 963958
552874 425443
758703 182212
443751 973455
326688 507744
512354 353804
991818 336487
673018 659120
721668 930295
630748 136820
877551 625095
951777 941834
763873 55729
391336 404524
602160 154917
891492 91831
88771 929173
848475 821966
165395 670297
773430 409088
698512 708907
522572 745056
954394 193016
730415 294970
36100 331094
651904 407065
124323 358460
112503 869105
621330 46815
978186 745648
7384 956715
609276 617340
310075 776339
76376 103107
574967 867118
149253 389787
665439 805463
229609 985033
937051 197154
467616 341420
229059 176514
210378 637040
694057 364308
39961 130402
226018 532070
680044 508626
163095 352161
302846 904262
930344 959737
778813 211953
952049 980524
341646 170004
843709 809408
932771 574571
54461 713432
704267 320194
391936 401732
186570 49080
200326 75428
664760 971915
371382 502701
757934 136190
532404 709846
579545 485867
40448 51257
329769 891352
57920 710240
916361 813188
767953 614344
253556 652752
784629 717318
339258 420859
253106 590051
95649 90363
181866 126447
726971 465047
101916 577206
155172 350842
66471 581948
933504 912834
959791 155019
838602 158292
135924 578765
113129 881705
850299 306981
147617 805093
319194 118365
752130 952918
534068 880325
735704 981714
188857 325860
311809 124803
996935 151102
413297 544595
916001 758462
516175 263219
720103 190979
968251 334691
180599 770251
820073 801137
800455 863663
978128 309650
485777 46423
860346 950645
321320 698433
835577 221402
356762 994648
864385 8567
241063 691041
311279 424303
400999 337701
951661 428266
456941 333351
182640 483016
13388 829247
812675 708731
326491 507457
698042 883645
420915 530056
499879 461085
697698 107980
897299 792197
284833 51710
865136 998991
188877 281761
392138 742213
639421 122579
944928 460210
489021 154484
67059 331069
491973 885171
321484 741067
642643 964341
521559 452093
861911 904014
397526 223108
557900 995436
245171 363457
659178 530229
995731 823441
621702 561438
143151 965535
453944 214552
625890 549955
4541 166674
247769 926121
91199 582232
690262 58749
210774 795972
20649 351815
973803 73848
626154 954377
2167 902214
658496 366679
331147 940880
468042 986091
870752 982691
741095 343476
548074 839514
360409 73967
950242 736071
349313 264409
491803 867109
42872 993674
77155 316436
565704 345024
966252 807994
915419 819987
381383 398197
773818 38230
476259 692467
963883 448214
881002 360662
939680 581287
207552 723180
813823 877754
869595 911652
956208 872292
713320 297549
404254 432341
346012 665021
334181 152415
375145 692959
480259 261128
749539 129481
634856 80416
327513 275967
893276 813636
635331 498326
267407 362845
845304 415866
509174 897965
634916 413020
918870 223942
194867 864525
319850 907774
401325 212925
540473 557744
195323 935154
961695 235566
300203 186598
4179 926405
909018 440615
358768 357631
306252 352766
551652 944507
296131 357784
586401 710418
120433 191899
168207 594424
309847 795083
852215 435549
369938 604127
231374 987313
371292 247976
450149 525851
589933 57368
682426 77066
441647 439105
902096 752085
59287 539381
897599 490918
923561 492969
491927 928560
488844 748017
779508 72017
261882 336395
35091 895473
538396 530045
202815 546548
738906 731442
988697 926902
575628 861612
251271 835786
246224 187638
502826 953550
908275 422621
178672 184369
993220 182926
443897 201024
637762 208332
901968 563375
441347 26830
199846 911136
916928 770345
375202 229758
988976 163054
635719 422501
402871 972288
232419 973420
884822 232687
520337 559471
702099 168606
760602 434960
338629 238291
198915 293961
511225 175040
448992 960800
838991 502866
574886 763542
939794 642049
380898 816800
253730 633787
359447 857939
246091 997360
425474 567704
429778 110305
333276 812520
963265 900002
225333 747111
916893 947520
320152 297635
892814 444156
646886 534453
655256 898127
5005 631172
634413 621239
896468 719130
958092 489651
670943 391261
243368 305713
937270 572398
31111 991137
125050 946352
443396 968349
518130 322278
980476 938302
370137 794287
614994 788973
999132 740481
728485 561237
773382 489263
953250 431666
196232 927260
651975 916731
528696 767766
26665 48778
642484 446907
479925 186327
279773 724211
831733 217888
420073 591282
754594 844879
274418 836448
913412 825063
513643 872195
341186 389601
158498 795935
46923 198910
261980 710802
223387 243968
536639 564913
521073 930833
459659 915835
536996 167816
578691 141297
933514 139391
560219 630022
702541 574588
584244 565962
219281 338506
958726 243851
541744 442447
373473 389165
388092 547640
963589 792864
640740 26256
85746 292551
207864 66163
252743 177893
571986 765854
989710 314416
818149 87529
415553 785078
431255 192217
717231 282894
467940 766657
24661 99694
658621 251485
612087 53673
576123 106471
740141 690550
917941 147989
461210 127745
436980 714493
128187 39760
926560 5110
389728 903461
409132 866964
166488 495560
757307 101713
454261 334033
494779 824629
990712 75448
573034 413918
143559 911449
607568 514969
768916 173400
91735 989198
907927 584016
798343 174321
123993 427785
553062 686469
483920 161089
354788 292727
204286 663318
244430 912571
72861 822920
711441 388448
158363 240530
789258 7894
764720 482884
679241 804959
803603 480188
173180 171158
367505 344731
470405 290277
970120 926053
190337 92995
951529 767555
962001 151167
79951 435710
70155 119295
202751 414513
506296 405170
887703 212830
149156 102385
238388 420010
760258 863912
446560 30785
670553 365679
702941 269898
33903 818616
642375 830587
834873 391715
448533 650280
379925 290110
774451 764821
659603 581248
364499 813261
818089 994006
337839 443202
485144 169031
632545 274393
341381 972632
191241 486079
973193 589736
548543 590259
109184 986304
398948 220041
892110 339131
455200 375240
122378 14245
385666 484008
927683 762496
459083 167757
36386 294799
658224 632339
162921 118289
880668 566590
844181 516687
378113 40425
467481 87484
1134 15261
516123 745395
986190 37993
200118 623423
629379 215513
898953 734390
880264 24778
101325 756980
315690 254045
57810 916935
611237 714223
285954 219712
370961 285100
862638 526347
388480 134829
462452 784794
721259 129191
337444 878418
400841 6367
572885 934301
788547 651203
389975 829109
724918 430865
711769 291268
417184 978085
200291 287374
905534 347309
305976 786070
496659 492033
773037 517999
919000 744900
2134 70228
461464 750653
231051 407062
304177 875150
266630 620508
585400 470848
451729 807374
675683 11076
623325 111391
995133 312857
243527 518048
16203 250280
133457 714145
432069 576431
174494 733554
932000 396409
805720 23730
110581 437705
475593 305250
240112 613753
989008 941112
469098 620526
134838 740326
574229 939766
736160 956345
640402 47961
501781 395225
171818 341206
490705 712632
975261 923631
783519 610354
972084 37987
230155 198901
850936 825801
521319 828998
981020 554106
27723 328095
706894 325524
661835 806220
436985 43519
338942 637433
284290 895207
418789 374241
390326 549827
752850 476085
968043 141911
902698 606181
873601 846106
920800 367768
28621 680595
747613 517642
735113 11779
420425 698668
856101 385305
248264 591698
944263 181173
897136 902169
310104 84519
376816 957323
700240 653607
101679 774302
41997 168770
530751 563704
564968 148934
698259 146732
202334 217132
670711 789371
695297 687479
393713 665866
403570 977041
293663 473766
175997 837560
925872 504417
666711 974372
802927 797094
787859 567148
915688 677578
840543 116512
63764 671362
71271 197031
308624 21734
762137 398757
872756 329815
822339 298246
144065 991002
482533 923913
204187 239234
798730 751921
812414 160994
346643 656706
897001 78099
413981 85512
827119 116637
948756 831337
214160 885715
814374 992821
239744 663335
506129 860890
768677 348499
19011 821550
270490 390674
460251 221426
522874 67693
96600 101073
371609 778109
403452 764650
324546 136867
20146 66404
598807 991257
768930 34910
356111 956333
627866 321421
519111 106700
653952 207049
868163 490435
157731 146277
927989 425713
166831 789249
460750 633351
498102 221036
974827 643619
325954 985013
248401 676708
893409 440250
677836 202724
698012 512558
109748 169518
776475 95618
279808 694874
603112 810359
633500 484286
415991 799663
463004 470017
124706 682484
493994 459899
61085 558195
908480 690728
929960 313383
361824 932381
111550 948641
420005 270886
136236 998703
382249 724807
989196 843869
370096 597103
187578 636626
786005 879794
409723 705164
740897 90138
624518 317422
730450 668248
45779 596575
731840 191141
650643 491092
255892 703697
517405 10204
334714 112789
217522 899360
965921 220033
429430 369184
665693 364280
296253 352058
98735 221370
350580 858005
284866 236351
6015 483993
916340 181344
483900 997864
297280 96329
402817 414398
120415 708032
513145 757586
388758 876999
107376 735792
931473 231032
708447 541763
44743 959120
605312 556225
340256 735949
516281 579152
125964 233531
560632 619193
747994 380478
594098 852514
877243 369668
947315 380469
501667 122144
251817 511180
43192 58115
240313 327435
707083 797375
256577 302989
671006 655871
97771 226808
35250 955452
283894 548286
521977 461622
746403 909088
515266 404824
200848 235971
426370 737963
624462 251879
501221 466068
220468 482032
835776 722773
80893 344633
578199 441661
674661 17561
959397 876217
638053 595435
537990 598891
688896 180037
666572 753520
77726 809796
540915 429372
709120 185660
28932 705937
85013 687772
660941 264823
910192 873773
586370 614928
409502 181269
793953 853308
212454 674767
760838 559271
262786 603083
957788 738369
528154 202192
882196 741926
545303 420509
193536 192427
341946 803681
776245 945645
205236 460466
233291 241162
303579 688357
770146 602908
968077 62587
250413 939337
690 482366
786341 97895
531106 689514
659370 245594
870652 741807
947509 16379
118389 321392
534995 896626
839439 695311
350735 17679
196168 311853
992810 847220
167630 567205
726290 24466
699927 214948
746757 831664
101720 641684
200654 58467
406298 175142
897220 86066
366209 454024
197399 973568
835464 897317
338444 851416
78398 864354
667897 269115
184955 6538
754735 444341
908439 182711
6872 481773
171224 725532
370507 984531
343410 691280
819371 417910
690087 208459
244855 814919
550278 289509
490853 963306
798851 18054
160738 681716
612844 450008
491746 961829
932080 141332
678199 703653
357339 426908
557030 624440
462917 819127
257579 565411
307027 27044
841304 547498
780929 810965
510504 331686
129534 74958
534643 297311
463492 790532
830014 837042
845628 901169
513257 978166
610451 100728
567118 156210
657094 983338
63227 930683
820934 198320
545970 567432
686804 476156
309224 672036
661632 228810
726321 470547
998915 405735
922587 728817
504229 907521
967969 661717
137062 875600
578743 19879
843846 436361
276879 850485
462417 843563
607139 305599
737734 271085
109052 327171
640764 346000
551981 519944
750809 443483
105296 92606
192702 499749
6175 657631
936771 431494
442696 962325
164386 920735
979622 852352
40983 717148
222185 36665
785179 117767
464696 353306
877768 355432
539545 245501
495916 693082
946740 761585
625051 556607
109180 232464
379288 768299
27849 743122
882315 533726
691815 883072
390047 563423
221890 402848
431966 418181
644518 633770
55527 559047
573253 943693
388431 236500
892235 633885
460137 678228
141641 178008
476583 666785
373725 530870
146051 400337
746749 645534
530843 718880
418694 667081
342502 309609
103890 872804
15800 377187
905452 383802
804498 876076
980226 824986
11764 994387
37984 263041
594806 484291
747 472389
981709 729366
933329 61448
892491 676340
672630 76197
230881 332236
373401 199813
820406 693677
266034 31685
743984 557754
925089 237482
440846 172761
255849 817486
962981 44198
468095 195707
162923 891523
944272 929702
733806 568908
774425 661102
182220 398948
560353 856278
222963 427430
743903 843117
421243 917223
774384 343520
678988 280563
884718 110713
67455 241830
453102 973338
273933 23334
9262 370928
735950 81429
665407 711107
595305 766703
198574 43640
457614 852055
446921 677828
507719 364894
971724 600436
267296 603311
515589 539401
890605 214473
833302 243197
392470 527549
694363 787738
129383 567088
71763 3945
996523 484878
21119 767016
158830 934656
853774 898867
891795 184331
990422 746969
428773 255774
650776 130025
895544 159980
815745 468372
253288 437672
753014 575406
389574 56186
737833 512574
969393 441040
560713 528686
156119 490209
986345 548247
979190 907052
819507 454831
150777 809132
786537 148057
324080 166141
719446 347635
165866 670615
70051 274107
86980 38923
173056 516445
383103 383013
373456 91118
860666 293255
803780 964820
875628 32390
526638 922383
834671 237990
385960 988238
484063 925409
629856 641294
270332 574484
379802 813643
549055 183828
314286 342913
451301 809737
