1 1
1000000 1000000
1 1000000
19579 795635
507269 186965
983076 379170
973173 318604
919855 413780
24360 347619
983955 409896
813615 980687
781400 514704
467003 234731
976010 385300
710819 315067
711652 536997
813131 55615
292378 484881
787356 529646
56125 471527
779158 253449
837667 192251
700184 293489
333185 275109
281621 453969
248892 24145
375088 199738
143432 694762
576498 554046
658758 357247
969535 498169
530401 620276
835047 615459
410065 578096
6842 948879
35487 943313
852078 43486
131243 871932
823421 814141
413676 56867
570431 345631
102165 150302
614317 586265
922239 992713
67290 747622
840039 231673
597629 826831
492761 58097
836291 266168
470063 532772
792307 742280
22649 338753
518256 806185
265989 62725
962624 796536
109730 645418
354018 24136
49509 33898
145215 986419
101404 266702
580948 493416
303059 973934
265721 540925
411681 62675
56895 212339
795776 104412
523318 762306
426566 499122
417511 8565
780121 394513
562815 841892
451293 592514
955109 179650
211734 928230
999582 611149
749477 680950
594146 486917
479231 636809
9787 125044
692669 78409
857735 986676
942021 441688
524317 118204
54118 470376
771325 680139
775895 981366
139060 926062
283242 553724
15954 479509
399641 511956
722173 464093
727818 321522
422305 181701
486558 65514
771155 773766
265057 413787
669443 436747
319001 272234
384006 9915
556905 416075
167661 253897
355036 952610
520392 658456
663787 603150
399693 234913
667211 880389
813210 41520
803689 237898
400891 116235
971646 124779
33771 120981
839105 675397
962830 257421
289240 643380
196518 369908
963729 74700
896253 842662
826707 323608
142060 154606
291681 741554
649032 648306
335393 873945
482711 464672
654937 182460
658845 79258
417910 171483
216924 229055
15819 910872
756462 605023
26115 285028
8162 644861
140569 383482
682481 655112
450213 520563
786667 451757
181550 418820
377978 649609
717700 910780
270802 875836
492780 194773
546480 826731
212933 721853
106697 799819
153464 50388
292234 608324
346538 996658
616996 787195
442492 951592
851139 568270
738452 656733
138946 116979
312734 316386
903380 976880
9154 630882
531636 519609
718648 606545
47694 613369
364029 504836
709489 82908
917129 323721
576731 920364
946831 674656
753134 858447
712698 339525
681880 864032
825448 413073
605239 350192
607084 658885
195705 377409
617258 909323
404560 539871
529369 947132
896052 658315
254119 60562
931973 945497
582418 754483
422442 737603
339723 221815
887477 715075
759072 929855
453815 714938
406934 377946
136493 386000
813256 229157
195633 776249
512891 358264
630450 312759
70972 589581
836223 916807
906280 34169
875905 215328
608449 269916
810239 979833
454393 863939
382388 790907
940363 589726
371070 886654
439902 41357
497853 647724
978396 58899
188389 515780
894595 520816
226424 120186
497889 989699
825756 324221
182825 468403
11583 917231
241567 203379
458203 636057
661460 791765
168897 618464
785968 398113
104024 261695
364154 284556
32329 481142
420564 642903
917195 959437
533448 910717
515175 383037
565539 975110
403264 222070
999292 876902
946702 530008
795931 785522
777708 61329
44775 659966
153383 206160
216224 554719
124018 889745
452735 353855
59281 105000
789986 966672
452838 176328
982893 360743
133701 810593
104636 949635
584034 662852
78340 520287
874247 170856
95437 266101
862276 102785
244010 505102
769528 209162
760658 467235
960117 828691
217091 211093
74574 400497
500997 993043
495285 289413
260956 227957
492454 306177
254926 355468
744616 255499
1365 873422
508007 274332
311932 581662
16913 258506
353581 490321
171684 342623
7331 298124
214649 726531
796743 232323
9028 622117
677136 960387
311664 169913
949284 851497
509963 799199
798247 551859
998310 902740
854946 439178
154463 920394
884007 396014
789837 548123
960252 329488
134930 107101
324643 371241
481336 479177
323992 976702
700569 930344
154734 484791
53428 637585
458599 976191
643574 104720
496328 469097
20239 854999
848862 12295
298222 112977
503625 264293
719738 462719
690629 674570
327216 671998
304022 956053
465482 388036
934583 110716
181547 692192
961321 136274
615428 560763
943036 542828
627129 88687
633961 947744
161005 217358
745955 78750
150711 829256
152795 546978
305815 669870
756418 642487
472145 766039
471034 415772
621849 197528
159425 712243
696230 728415
365104 57123
584951 625465
820501 945562
911064 82822
569858 65889
592213 122878
354264 510975
970133 326440
446243 562109
798993 161877
368792 863300
295545 7046
451920 866193
334037 125246
207504 185811
911130 767828
760541 158981
474160 198827
781861 900774
507156 510145
3725 926323
980063 435527
53526 905211
468787 806336
396658 499625
638016 134443
849859 974606
947134 979102
747361 146482
998955 669778
292649 261384
901585 729461
625851 231737
582361 247582
689481 323872
142792 416791
593361 248497
90972 755762
505939 738488
37152 658973
676205 127310
448666 284216
649207 165991
338326 173909
483074 838146
45052 677598
663 905206
231526 243956
920908 14600
875727 735516
484714 36424
561851 874043
752677 308526
802762 835071
720512 391991
894886 920317
723412 938732
589606 776680
48076 94221
187886 916342
285787 857129
492049 597293
881502 503094
829208 672998
202830 589021
290916 782839
875941 669068
459385 181577
899702 686544
586060 928500
782005 555595
244706 448888
5063 666738
123255 376986
291999 289324
483909 42828
98416 395667
256149 385681
134932 167064
353381 894835
512899 330534
586569 879257
981169 653124
636518 518644
205964 723438
874080 172905
800342 531869
6293 801779
596491 4773
67552 449959
980217 630361
90683 427981
778465 233610
136902 588284
155409 315613
643098 367240
386293 838514
405325 206867
708099 955444
961430 947892
398739 966383
947987 341335
167030 135014
134527 369484
396944 386356
799848 249975
214519 501525
985774 681870
875447 497881
224749 492802
578448 270068
545197 17725
821567 783950
602960 330598
256696 487239
857700 232182
659104 419944
707577 657190
642817 978351
860531 931974
801083 111584
465091 498189
643182 432774
316043 990639
290339 286439
320919 635762
757015 905408
799316 972749
373902 964257
567224 216345
127160 810381
364292 891847
900662 277112
379299 839932
524191 608269
977453 962617
470439 990226
742920 733587
239313 162614
181924 656453
977226 472020
87749 929693
633113 793226
168343 349946
155883 364879
933862 571518
451356 750012
132767 325443
339530 476266
130065 465673
544796 4515
689063 671490
3691 40637
724002 105258
158554 767125
46666 121423
419591 113179
987304 350564
481444 188489
606632 403460
206018 706834
580466 790408
565204 865642
576993 35395
595855 153360
554288 733909
658830 118106
456945 489387
320167 635194
373903 903416
924395 472623
659807 814109
322099 344621
770834 370636
911295 215069
580475 848334
988259 662874
819993 112212
752977 584014
930520 732940
941558 446304
528968 835985
10679 856550
289223 525792
402367 463594
527308 879029
266424 897588
328494 735299
403691 479821
363249 285061
86483 235018
583318 808470
295309 182638
669177 818360
452067 431227
107331 265149
315128 115797
352375 641698
209650 237501
180836 789400
669931 376782
47251 904697
327211 341165
137345 453381
46227 558453
884223 535163
454163 33658
69232 201562
69551 877892
915459 239185
929384 623459
870442 82874
127962 256203
129060 528240
77331 75738
236698 337349
321209 191082
768332 416011
66765 383616
992374 917765
230306 213548
763454 385382
7007 209848
842559 807114
4917 902179
277365 38933
383339 808270
368184 525853
412658 929886
486839 987381
252559 588922
854443 327170
274703 147743
818694 343024
949605 63148
735702 85490
629666 909289
925482 327381
241516 327729
275858 40440
645063 142528
471179 384281
850189 384480
193801 385125
780272 4552
343822 620296
979171 915160
128600 581185
860858 299343
197674 229620
632552 479621
19562 941107
514552 559408
951409 391420
934375 74671
571941 480322
849939 667805
284091 663719
370603 383567
577864 417824
150177 716285
890037 689902
753401 402861
552319 593849
394027 902899
974710 891070
591254 89525
995857 491418
845101 271535
531751 238020
993569 709720
499514 487745
482258 19814
333861 772934
522564 313000
167488 473693
711097 446925
962711 854247
738894 392174
168746 355473
229635 14464
204716 82460
292708 29753
159257 61646
940206 264413
380799 673368
610477 196975
741355 947385
325517 318349
740558 733771
16735 109640
780404 751255
457493 142846
222202 843261
525657 783879
751338 690006
221399 331455
605134 495951
515493 577887
20304 257274
383641 201559
494463 379250
318348 454412
851395 110791
770276 51117
643154 209640
769519 732636
330292 369188
686016 367211
252273 109007
83438 782814
279401 211294
128692 858674
242771 909339
888935 730179
432477 377210
255293 286848
28405 971244
444307 615136
497236 400330
772758 579044
140829 516599
971965 741856
64180 31972
176767 127845
521556 640675
189097 710606
798212 35647
379624 116331
693592 804243
982052 593550
640983 15
538787 700315
337391 348426
915853 557679
460106 754777
889410 996337
328158 84105
166281 134746
919907 468847
82771 420236
183349 733872
859343 353892
109599 511290
717705 683695
567069 436844
771809 601974
75735 798594
488852 247150
624496 526155
588194 941327
83141 948265
834866 886101
776578 57976
382709 371099
184636 333441
404029 382514
722582 824943
556535 799582
950905 444519
111989 697681
720247 901892
288979 162295
60180 662620
260829 675036
432745 741749
696386 25448
279147 65410
601183 379309
253221 965484
977768 667517
266466 442281
290056 877044
58528 219816
176687 687981
869575 363237
469087 899409
441863 398773
225739 226900
362611 545040
928343 34504
377639 775398
728707 233327
195523 686054
176308 280789
932872 326579
885108 590813
956916 725816
649806 673436
314904 852609
526435 793962
830532 613898
632080 389307
637102 658978
410968 914583
283743 672552
635759 799850
5203 873757
393423 147365
501764 15304
650268 111424
245004 227912
458045 841055
712930 289454
984317 275583
6805 394377
397249 76958
426828 949067
469937 973764
577031 544452
735340 327564
856674 406838
524517 783607
65313 492622
229378 882327
458099 921455
43197 569434
540771 935077
208094 738791
304066 906152
915996 518423
438 668616
875809 192506
684848 70706
262093 961767
275739 554552
88967 587839
342391 277182
584602 380474
155210 516715
502617 186074
101299 628205
106889 224615
334408 9359
444051 730520
913513 79375
27092 277349
103257 264016
196073 143060
717260 131843
996058 806534
310228 117197
299157 956795
730081 479399
746832 406832
103614 832565
749455 364167
563933 73162
311932 549853
814837 810275
454295 879574
744832 847749
927220 294541
555857 984708
416693 528938
162203 749043
469629 31428
113144 722452
196636 708360
169540 784618
757 471916
160221 542856
571337 524030
116759 157040
22694 715653
863576 201705
251665 596158
168601 734803
415672 576119
907737 787948
517757 712157
430162 226639
48082 209447
131422 516332
908959 812331
472373 611900
72611 641520
434734 612523
753787 737569
801319 239324
728175 664152
720268 861338
738040 91751
174020 308950
162830 922854
274383 867074
721337 913326
716530 828655
269296 205746
710239 348047
336642 104990
967895 23615
604908 788940
505362 832605
448331 378641
881614 386569
787232 205853
242507 617461
740984 973346
483818 799664
29595 701471
853348 831230
918281 196352
111710 432287
379696 709768
614931 721893
309361 810837
820012 496879
616670 732221
812795 519010
96570 834928
872346 170979
728484 780294
150565 698572
634328 889523
301212 77876
698885 206657
775706 912035
134105 469456
917107 166034
648180 29700
494019 614667
655882 641527
678507 12625
636997 76428
804066 651858
66955 964120
455803 578287
346708 65299
299833 351181
689699 994902
626158 260180
278708 439331
344112 875410
48264 896120
743837 613708
904235 687836
388512 64613
410684 149919
969562 389152
568248 674921
941183 826473
2853 578274
778718 977021
513975 527782
176808 673815
85322 22707
666189 218574
349661 438710
329121 841043
177105 639597
816365 45779
416088 108797
648886 839085
956531 270936
573857 693819
213850 192011
772732 312400
822524 439772
491646 826450
730637 287469
619850 480961
243338 639015
381201 167070
755075 581408
705174 636455
186731 995449
139375 95324
75032 91432
41066 345471
469818 992157
715744 315027
974689 979535
976556 414640
532406 333261
912637 582558
474002 537015
896616 393005
381720 543035
786199 966119
340032 707098
322074 611410
943667 794427
329344 453112
917608 257363
689959 772838
805 831060
366662 565529
988317 888209
223747 482046
953680 261486
669753 532192
244294 214293
555632 193494
417726 541156
153494 613475
379979 13198
485204 331756
195731 143848
916005 540802
413227 999107
376536 880494
59186 189136
348326 825582
604093 753810
754568 220425
653640 668396
94625 718235
734255 484409
596713 4698
767497 257023
615026 634259
96382 744120
208508 285357
775971 119492
65501 758671
679855 498478
65696 839534
857396 201227
855949 650700
873110 62798
789967 605765
151870 890595
157646 608000
223526 815763
892077 379981
847595 285332
761305 652457
50202 892031
65039 935229
804885 529508
37054 128667
490998 824405
621194 285782
291381 990184
661658 442427
779240 286945
448685 878241
692061 981407
179734 822113
305878 979632
142681 964162
154528 485967
32527 634108
485519 682456
667333 753793
271894 863144
180932 49204
465655 829671
362632 310722
605726 206765
109651 111544
530597 144542
541229 281100
906943 222167
30946 825176
677126 591445
456267 819037
331543 845760
567823 225069
889282 819807
490445 358569
399993 304766
812525 648111
380393 400409
671775 94786
835934 637442
583800 594985
947701 419699
304585 102921
346326 909037
523079 141115
838942 288224
120531 995039
757207 377242
86743 352991
442066 399481
436216 531644
826198 721117
306184 249999
551304 613449
943205 713771
122060 890804
212189 85701
973503 604997
977054 572410
67662 65516
84056 210887
844140 125030
41447 706484
145252 806894
54726 395422
75230 572594
770491 512108
937337 908417
635795 626422
457495 507609
475313 212132
293906 112106
40640 583241
494892 108235
390434 150832
807480 884034
795328 257039
267564 893263
963806 850115
453735 432749
936172 286286
732043 10198
871132 197851
776895 540781
307019 83346
502442 957713
491350 81846
740369 122154
863707 210720
265201 943410
458009 878326
223275 209415
126805 613098
344141 934135
909285 739385
895183 673121
307236 251166
317708 873495
951851 339955
157827 800105
767621 145038
88428 411573
79063 302935
852293 96982
660094 848659
983247 657780
841999 527844
821612 853744
537199 775071
212278 601926
74480 371162
782272 694896
443240 942446
152870 706019
245948 442155
558143 185660
194946 165500
267171 945133
9436 150138
486188 897000
728610 281335
729951 619068
952328 304231
483029 77781
259391 889047
947853 326359
458744 808523
277103 772185
353065 733123
54262 509319
948884 175324
657206 111724
351686 553797
956150 293531
990439 49565
980144 805743
539332 119902
324244 844034
993853 469077
264187 458669
74403 687240
81021 618831
171370 671396
247823 347181
457761 430389
623158 787276
973288 259081
610392 226878
395823 129815
441719 658302
94031 846805
931079 761041
467252 447871
923395 794471
898636 350388
128978 410186
287484 228002
260605 518267
6113 572094
700981 318357
340717 46809
791432 506389
276304 183666
273894 861875
613578 544147
299811 205773
803569 865375
245019 293064
490800 265129
66472 718549
620912 620688
968212 619993
855049 410371
792853 775668
423387 136765
495228 882313
486689 831218
848052 799291
48376 349344
89373 458755
627945 365945
946027 630806
34087 313581
300532 251995
930168 491438
381229 232862
414201 507779
333416 365406
769844 507996
313313 630199
362605 88737
597551 688466
499552 76189
693046 953453
638494 435762
324887 16286
976503 987100
145724 885917
732418 219377
724247 961442
989990 319380
273776 734230
936254 932292
472582 546997
125297 494629
647517 691844
666749 422421
376937 693063
788975 230723
471360 907278
27907 7469
869941 42923
630612 811846
95361 965368
624441 869935
660914 952580
187072 780480
494470 860662
42008 481081
769120 959118
278543 458893
804391 650048
506932 142394
244162 607626
736269 164994
554110 997716
227939 345672
791554 549698
692772 931311
187307 996528
817766 645002
834880 813487
528147 486117
274759 797878
183954 510399
269253 466219
874445 740576
493893 382670
616311 238711
183538 944455
944648 416541
7776 230626
329322 850172
919066 787631
478248 937513
592761 134746
656438 410448
40300 831900
197062 829874
438028 789294
4455 950973
885511 77342
364148 47869
921902 789615
588317 920773
81843 519796
784404 71468
968224 758571
39657 982991
985746 249963
593558 3530
687354 320380
375652 299532
49917 34634
821807 875779
