1 10
100 200
201 210
900 1000
40207 343014
429 145
526 823
41840 197550
855 511
29866 43726
255043 813905
131743 541641
1196 40378
849156 9311
75778 85870
31332 601998
218 475
828899 942666
1452 3820
47881 81037
5043 6432
18903 154174
5736 21721
3691 1229
5737 2358
323796 150689
42552 45558
3530 3808
68410 77259
19752 125139
419 581
30143 47436
858 671
877151 654213
36507 11949
31731 252097
35305 844648
63352 44530
617 491
148 294
8868 26564
34219 806706
495 316
47692 33666
18868 296524
602 507
875 11
20106 19614
280396 440030
37944 72330
5983 8197
34555 21768
761 214
5090 3905
39184 201125
426 178
65364 204
301 409
560168 160704
7476 6648
106178 371982
2091 156536
613 697
29251 6538
6 821
59484 21946
42469 93661
671715 749162
36927 25681
69 256
9739 102333
7858 2775
31744 74540
53196 3790
252 247
575384 850730
793 150
57 617
6930 7543
29559 726711
7186 7450
22795 17659
811940 859403
23532 862598
81662 29501
313 684
4013 48328
29821 10036
2791 4966
7792 2876
11301 10061
16791 9208
759 499
12914 11030
80210 39044
152 708
4375 44920
169548 374740
537 882
3021 6026
46415 35326
879610 368468
6815 504226
27071 67139
42627 777348
484 851
43975 96826
4946 76373
1952 4062
1275 7082
48473 23848
2435 9809
29253 16623
89920 20045
17969 869024
628709 386707
4708 681
859626 31978
13636 67929
47175 21555
281091 906379
332 158814
2393 418
16328 60689
371753 148658
40877 477366
5452 2426
50852 86403
1977 30038
714 112
533 654
21950 691338
511928 995730
34880 608409
34228 46513
16248 37390
625 593
43435 583397
875 3725
243 6238
12165 64370
566 472
19932 500951
315 282
1739 4409
3967 8
19265 30333
988 7119
17114 345
3277 5587
865003 764752
301735 729569
46156 199501
2659 11667
3922 50405
345345 320724
462 788
71 876
776 689
8505 357717
23923 822719
3711 70806
28874 503313
34987 22323
5281 7244
684 641
8694 3802
2088 5724
8952 7399
42513 36255
42309 410177
33207 60240
33674 279113
7641 8100
647979 507380
32721 161715
38186 33408
3638 701847
40418 7151
4285 5663
32221 491971
887875 31530
4686 2203
33161 25196
159 274
265353 505894
686 779
173 468
59382 34485
992990 320122
39203 2342
945 6568
51278 53605
36076 6765
434972 711076
2952 7428
84647 23465
149 237
11049 20019
652 260
45965 184914
629752 613211
28717 414488
9236 816915
7950 6239
737 190
28617 16836
33827 31936
3104 29337
746866 206188
47101 868504
16029 14607
41524 43323
86975 18910
29191 683859
12481 44047
551 863
737 541
2959 945
3852 42810
103 663
3268 2291
63643 30167
11210 27141
739 831
106 464
40614 550066
1358 4502
28742 31812
424461 122015
46368 58118
5129 4737
940849 377732
92 441
696 279
38358 30336
898919 220949
48495 549659
659 600
2919 32860
920440 945579
44224 15060
40298 5908
49242 927799
126 146
793 404
48023 35974
518 868
896866 445378
878 7648
252 788
2047 3311
478 460
6593 1553
595 78
4380 6323
499 145
367 663
18945 20580
4874 3457
975663 465360
7382 43406
20512 405036
249 828
637 574
298271 120205
34507 20804
13069 23922
2451 42867
67210 45092
168 454
293814 544487
20321 431350
699140 770899
1862 5635
39462 221905
36736 36412
69355 985832
125687 954634
252599 21843
39968 434811
6696 6976
5181 31648
1702 7139
5553 1
1878 814
508 550
3740 3904
198346 380590
489170 149541
58734 989508
431755 882203
1262 5383
48119 526436
4226 989
6616 218
9262 7625
771 17
3263 3062
1489 58232
634558 733317
8788 7071
3346 5684
151 503
5894 2028
49590 6995
12099 132608
7509 5630
45822 422893
28428 694381
475 190
35876 50430
86084 44775
43674 16325
1051 8570
5417 768159
25352 30257
2911 156765
87 838
84876 913718
43148 24292
888 367
24098 292602
27791 236275
26639 480326
866 6094
8087 4445
64268 66707
81079 54245
781 965472
11216 8619
53293 86058
598 655
778 298
233033 270936
17910 592153
946 48591
820590 372859
43350 23937
8048 1069
6815 318637
2873 101929
5450 584078
34276 17155
280 840
43858 800801
7728 171746
15395 42335
720 585
44737 77084
75178 63899
24238 83123
7 72
67330 19199
313251 51279
46458 45136
18170 19215
1120 4961
825280 237080
28728 891817
6892 713346
2045 8583
151477 809641
635 26971
19652 16573
965207 569382
31563 7551
19665 36022
42805 37653
31629 56380
8888 624
398 2668
3030 3496
46233 34483
629635 84134
160667 49340
36834 430903
516 219
28558 49723
131 151
19921 15238
708 487
40077 16
14939 666249
16771 412235
727 702
3665 4735
6353 7950
6414 1859
23128 15190
3222 8462
7938 4669
3674 1097
2905 36
618 158
19464 488685
721353 674349
4145 28053
354 266
19638 492594
523 815
6198 8752
34908 261777
7985 25681
43662 85298
165221 161113
806034 882466
806581 586610
629 215
11136 226452
904736 709575
45 124
77526 85383
824352 913367
1564 7028
182 401
42636 614634
290 514
1844 5642
49468 414130
33332 18865
2715 7662
306849 456187
1111 4538
5702 6102
295 35
20648 187023
979170 73412
7949 581608
194 375
4643 30758
166 72
33765 707672
13946 45783
7493 40836
50772 28130
756299 305129
811 698
530536 58598
14903 834844
2750 6486
63462 514804
45835 4920
40747 28865
46196 152709
40098 563481
334 731
37345 168942
336067 99477
76396 40731
44151 26833
863 94
8647 5481
46303 863227
9092 35774
12717 15871
34472 94256
27707 31600
91 618
24073 413
11398 894563
8561 6226
28878 9224
18115 21878
2567 830970
828 786
490369 494509
43493 38567
15557 726510
53450 650582
38426 528332
5233 3244
48686 18121
959619 896235
3482 6154
992766 604881
7624 25250
493090 705094
46507 670650
27589 60452
5436 728877
398 609
16536 47795
84450 13765
27890 80247
38650 529364
49448 3340
5107 429
484 335
27122 6875
37141 28663
892 560
3437 6747
11503 370197
22508 34438
32313 589439
4351 6239
39638 146345
437370 430380
65752 57501
84584 54641
28645 56484
4814 3273
149129 60127
220208 882634
11534 31299
5575 6649
2603 400639
3763 4008
535505 360111
525 495
16456 9691
97 704
237 76984
13373 13543
503650 525076
883366 290002
41967 8956
2617 6718
545 274
6526 4399
2399 4854
755 502
584 739
7139 1463
15879 15113
11566 148478
805 396
908282 452764
36318 866761
24465 6286
37306 48684
89 738
42927 173
5000 1311
864 190
108955 779107
13999 30063
71647 88344
265 513
308 878
2049 8135
543 176
24690 20954
55176 43954
83476 14217
36888 9523
2129 2521
36517 251520
54317 68236
15229 800243
278 391
487362 827585
36384 468626
1930 1801
12786 67276
171184 140515
65039 45643
45309 2160
5921 8828
43546 14409
148 338
979237 156900
381500 393283
417 512
651887 214349
625 332
40533 6923
21314 32231
813 551
2148 49
7276 2048
23695 10284
920049 441784
85029 72852
5810 5091
32570 230715
15492 271248
30409 8913
1485 6877
33741 33024
4404 20652
44605 144346
608057 180746
4439 5775
6736 8936
33030 38505
1207 203996
12658 20757
539 641
8874 2333
327458 269089
47089 380045
603 302
105 292
406 728
7649 8657
1706 2863
663 272
18283 75562
6728 3435
42901 18244
33724 15332
28893 88687
1159 40091
199 148
2174 2396
12005 45453
24831 38167
88414 56450
16589 279177
33096 62077
38692 5801
7684 3045
8425 7555
27409 7753
469 78
35288 339282
44418 764112
170 277
5684 465
8384 3913
327 356
202 839
15915 65063
666 823
16 443
16661 34131
50011 28548
31527 857669
389492 840704
233 639
68555 859118
16277 678071
21395 33986
35067 383303
43 819
637896 281431
342230 977793
2380 7319
806 410
4248 8795
62003 60349
18712 476626
16060 14372
44821 69439
1405 8281
6184 8177
740 758
21196 12137
170672 991894
737203 827142
82173 89144
36260 84207
4770 30266
6616 8439
15765 430195
36332 265378
6034 5118
33528 18665
21692 839336
8666 26538
834 311
42903 381322
4996 443
37813 46059
68 11823
956 14507
12019 151892
8192 751771
216502 773462
16705 32128
960401 835913
492 315
36637 70163
986652 374327
605 295
36105 41702
4482 4720
728 312
3486 14765
38683 11469
84065 58221
30862 237812
48980 724448
892 452
315 208
462712 234364
5067 2845
11313 40524
43329 230361
28806 19043
12763 863108
7632 5969
17667 89300
52865 51543
389 7757
52659 65820
784630 946886
73024 28198
73330 61526
588399 466684
4289 2798
846 529
84967 46095
4687 25311
28210 717699
13640 56709
1434 4690
13425 40714
839 743
565 41
41082 783729
158 727
280154 677445
705501 848483
26039 26692
9685 10331
350 817
41853 13541
76402 83831
680 695
36993 42429
38251 39238
641 35744
5477 741244
1624 8634
522 618
24376 28820
2971 6024
2280 29777
21982 444956
125 3948
26349 586550
31050 3542
496 571
10175 10994
33846 10815
599 342
34668 44513
15029 13144
15572 1477
1109 25602
65427 58302
48982 69351
48280 78898
8821 255425
19348 39270
23193 39820
38560 24487
8599 4867
867 238
690 146
9312 34324
57636 63305
19502 11584
476737 386757
51318 66104
23066 45648
855 108
256 658
104 676
5576 517
1654 6829
22680 61816
8761 4317
840 606
439142 952075
466 40
21008 211494
86337 12001
363883 519804
3867 8732
7100 46385
304 716
11165 35529
670962 909268
2514 6761
36522 41278
178 1286
916392 534974
23116 515208
568 726
47984 451525
7680 1829
31543 8345
3075 6306
412 720
83024 43341
127 370
4523 614
220 629
43673 451196
23908 15531
10528 7562
18915 339105
462830 624179
32364 37191
410 866
1934 92
295495 724966
1029 293838
8123 23862
2642 1769
537 448
39261 623562
3829 8743
222054 501458
749451 784468
10188 175753
588146 271248
1718 8628
184370 776750
36569 42743
77947 21780
29591 661040
43986 35220
15264 7273
3732 2075
45117 83262
83945 67760
7739 3829
369 8198
16861 4766
22473 629065
76380 28655
553 6992
69 8
63842 140691
29034 35808
778 604
32170 363842
32989 499211
9 423
24 495
218 426
43255 44179
8659 1999
48040 13840
2143 5225
11 602
10039 1371
1694 34359
4899 6620
1869 4895
35255 28613
86647 68219
530 378
821 717
4054 7411
19894 893973
1837 2011
49974 822057
945673 319955
13794 205175
43161 6781
5154 5427
24 608
48845 1180
204 17233
2140 4126
36925 23315
640784 239640
402 365
1191 21810
575 671
622 424
488 499
731 4643
33494 68199
36667 35338
2813 3614
7321 5397
50885 18399
703 689
831447 586863
79271 35185
6873 42772
3634 5855
475 448
48749 41367
45048 665179
365 251
79321 63735
9294 10489
41076 321935
7180 2557
42407 380781
29784 444766
3156 3341
18726 43089
767633 894488
5153 61852
222 824
240 217
47 44
84869 68423
626 681
655 717
155042 18472
76077 23550
824829 211182
1760 4687
171892 467460
18759 43899
32465 7946
14458 12814
606 739
70687 88746
702133 373787
694271 56215
3145 31044
322858 346155
500774 518046
42565 303156
31173 71973
40377 6430
803 535
761 173
27284 49605
582 175
589429 513371
3457 52580
524 5705
49 3622
273 594
394 422
8728 4876
753 237
936322 973672
29482 560253
12505 49681
22922 59489
5846 6012
315 661
27291 30885
740 479
469 258
10633 38810
40122 191484
49215 10965
84886 19821
83928 49095
6902 940
5932 658106
78583 61748
37379 1487
32697 712808
338891 689792
225120 229913
1373 15479
4229 6717
366 544
143 297
531 6180
909684 129762
20721 467141
136 889
30460 605079
526894 46551
31163 747923
22749 318503
47803 25268
14655 636762
26446 832645
46342 42328
84337 83048
273819 702235
8812 532694
4245 6940
21942 7102
24821 746202
718065 694004
28304 25010
20143 101455
16810 514148
691 885
3863 6655
1676 467
22216 4711
2657 53004
11021 77824
154239 512240
2724 56895
27971 27038
82214 43847
28784 19789
4753 422004
32956 566679
20205 65246
192 403
23681 38923
846524 909513
9722 72236
37929 16559
47591 25124
553 408
86398 25012
3698 757968
116 624
6996 8915
8531 887948
4890 823
25840 30544

