115666 108797
747037 394595
797484 658560
260844 765455
716579 83215
938574 186862
19492 763052
230291 144895
536398 262425
981616 836136
269578 53762
337372 557319
606064 124757
750548 862215
837208 20733
129529 495884
890478 469225
127784 392917
158371 204313
287527 904979
608192 874950
154353 742452
403699 627683
406459 384643
737131 940096
993858 388074
945392 523060
647816 331229
709795 67808
88540 914715
410598 63354
532578 734420
127337 817427
538091 176713
81691 802059
193360 825618
568069 689882
833917 347712
732355 971767
428215 240375
628449 985837
508896 422072
269652 90192
674351 156711
587778 495799
559152 279242
13662 514727
332154 91730
784794 657350
459408 386596
212213 866485
556366 169120
516831 296634
784752 906634
147009 765537
267725 212966
151389 291809
382000 776620
449683 937393
433191 572703
851944 37460
68538 992342
600423 381957
555658 400691
303639 901569
768053 531418
700537 515851
328836 840770
747404 217367
499256 113588
326553 894412
702572 766980
59952 994294
931686 84571
173625 509634
63445 881228
873569 25569
923877 131982
49025 990344
891912 479535
10952 352663
384865 176316
533437 711488
445206 713701
827288 280840
691603 460813
227793 670192
180837 394174
995097 804096
313729 112522
993749 168721
710641 893525
25506 383670
890365 634518
630404 590882
943544 298628
991295 641355
869194 844761
558461 524731
805571 314399
775212 385748
572291 13525
924051 519356
323451 753128
382001 919147
604219 153531
47055 892102
792123 831212
982081 588912
696146 682487
497466 612484
253838 156041
801 488760
13490 123031
953781 559261
461360 335412
348937 245344
764699 33651
303130 272987
708485 604501
758031 685130
577231 312703
660266 321437
426701 369353
568191 642346
254829 122846
278886 65656
554415 25018
664400 279687
838947 567905
419668 618181
863524 300307
850309 768604
557942 144575
265427 153438
838567 266426
95481 23458
861246 932150
301502 755746
398092 287946
410791 386045
451700 169272
194290 689677
969363 522467
606723 858689
476869 324661
141319 26390
794994 856745
517671 991627
661416 352935
135713 783097
322906 16335
948484 231193
503290 700504
988449 766337
152381 901381
587005 399240
605268 120433
642899 781294
639982 90982
415642 249621
276010 633203
6299 556961
64939 587355
456642 523969
823417 242707
259041 592354
339898 662675
363178 723876
6564 359539
777272 351626
267217 158945
795729 364276
145569 872484
963465 438627
688247 785550
935104 895459
968771 480608
67963 941402
465370 550061
792767 40956
149661 805139
467813 568159
292034 5910
365448 830990
182615 814950
973894 142719
506994 966184
838667 285974
724600 652562
954464 318484
730294 929198
409805 889567
347321 699064
249124 994119
551426 812690
134180 41891
126401 701086
706995 601992
432981 418435
233384 72443
731513 131948
98131 723629
9602 238507
407420 453149
287984 250553
179750 878235
284154 18277
717340 105906
616377 631474
960515 482816
41058 167802
385240 94695
696686 167458
102244 608586
197380 646019
777966 335627
575607 928893
683751 392448
845596 101560
868464 607522
2109 649932
668208 564565
670471 286262
917735 901900
384715 803199
487352 394601
489295 425772
109581 388943
997529 702333
348351 211825
547451 194908
640152 642668
35115 639410
257321 840254
447776 397062
46993 125785
690349 449884
252497 231553
133452 877171
196721 686583
81183 34518
976641 200425
589367 570478
789162 86221
298045 103247
298155 137512
296531 361848
517609 454658
294912 847997
245058 774929
417065 259039
225274 808403
556307 623766
17288 477770
164352 206110
756979 730361
930785 245534
332363 733619
336191 520151
623398 121524
775387 634236
512435 437904
408913 71917
919913 30043
321323 703824
479214 681323
6077 738388
878505 704487
182256 562383
284844 895792
626152 862959
624845 41822
775440 556936
593439 957207
595083 111630
262217 733188
687443 886821
958738 774651
321045 96355
316531 395002
592676 642368
380755 795744
16583 598752
677486 775611
671402 715190
578149 962329
4150 813906
887193 202993
676551 295941
923923 996983
730170 787985
674806 702491
477142 933964
30319 633543
544896 798186
956905 863201
658944 137572
736323 337659
629621 675526
390716 930161
892489 301023
631280 485216
204560 412991
225283 518472
515455 881110
185447 665557
368048 761976
695940 860252
10146 361541
676078 242610
105810 555041
208964 632983
486993 764753
956631 945287
391799 116614
933988 863698
865265 284287
213629 565267
83738 69824
950933 955264
620820 115544
393872 136379
512982 988867
350407 89811
848772 523127
594520 26485
659467 954581
235685 803483
265121 662811
779424 708667
572364 656919
457558 713411
278677 437628
507451 187538
142801 878767
994310 974736
627466 763621
752487 388181
994343 656800
179926 619246
645730 843114
314046 774445
94280 821548
484358 549731
258397 359400
16319 780134
493544 347113
301092 473876
661413 288573
167339 324895
815982 320566
84186 678000
582533 443447
100246 836672
972269 576875
936341 796524
87320 134350
955897 250386
316468 181599
540999 956607
736740 574865
438329 73669
63896 746635
35207 739420
64314 241660
562225 202545
880545 880295
840094 646410
999434 463077
556303 456691
253214 971702
106052 8995
259381 856886
38484 578300
51258 575848
667064 579482
653150 304349
50984 105392
361164 233397
475057 602542
805087 425477
305772 37281
683691 201983
181411 662217
118907 199476
171177 254065
263060 888473
745358 793580
888232 38792
130991 783841
879675 939489
243838 314407
419798 49176
282573 811173
413714 780961
722790 757629
794909 735152
453486 544913
207129 994951
194426 151248
921665 842387
730859 881955
675534 184724
739867 476216
776409 80117
19606 870857
701615 172435
221610 779795
107319 121413
418725 20534
294514 521032
772536 657866
202778 605775
600725 742373
893621 409906
768645 311503
709809 331637
516360 499503
492071 901694
981811 772578
159786 268479
440913 1416
297562 861401
499165 178874
715760 404880
442263 434241
92107 10273
132399 731150
473523 294884
221142 733124
560978 883495
215131 989786
5640 270786
172479 247842
20419 497710
766188 154289
672056 696556
557956 723452
418678 969617
890848 57120
491361 650789
661061 333111
64260 583467
394702 793460
42935 537782
937628 615843
121980 120264
391049 152758
916951 127620
625329 79879
750520 937369
633925 907869
147672 422575
908544 708232
281704 82701
733489 799391
132501 773064
872882 910902
220713 713113
767246 783935
916130 779999
900262 704874
373983 38109
682080 807662
887540 290934
744654 823761
731629 638059
576986 894930
119514 395652
478353 485529
801271 401217
690632 728193
639094 933772
163236 79865
863799 376158
156156 930481
151706 779928
334389 56417
864078 525689
332974 16468
840228 267970
906028 593979
488909 88208
212 483013
484893 608422
9638 478564
723108 286164
736287 216621
296485 878554
254711 899522
346354 160283
456563 410867
467283 14412
56452 790951
323770 847713
115682 389425
983403 680350
284909 538061
537426 988663
113436 285120
280035 22318
308481 639425
856045 3143
881696 561119
976992 152529
829164 136406
547272 323346
854109 802078
109380 530907
378619 910560
299984 433149
629850 494300
32360 799738
304753 914759
199878 569785
108455 934540
573965 479913
999407 933287
494406 946361
615242 881102
17507 471397
311094 444405
762834 81131
612037 165202
592113 872213
821713 990655
1306 892096
208186 451563
882673 550017
119802 29290
963829 82550
78814 744608
677894 54145
506 78220
475673 172299
160048 615747
576503 9532
90662 987493
669047 339336
211548 702698
209704 261159
669607 549612
1174 211009
761025 394144
423433 400198
999100 397178
141785 903613
957758 77913
672485 336031
24681 474615
90361 148157
157688 184728
688573 183215
522550 764701
467398 357619
135129 250449
800060 193453
920813 804735
198878 317586
234135 198190
595367 138662
558627 233234
311147 253504
589534 516384
507350 499983
164491 614214
315294 597710
780924 838531
603231 3866
877836 819825
586625 586981
780433 12964
334051 903036
736973 701246
899435 49280
187942 971108
204341 11153
264656 262920
295655 31839
531821 370541
501107 803004
400713 696312
534842 816400
336617 697988
34164 654424
241404 214452
743767 620788
523823 21837
239434 77817
127097 260796
748255 655220
666372 831390
610661 952595
984434 447380
334272 906315
709318 516254
728917 835378
168129 626382
840721 780110
434534 504745
235548 874884
12023 675937
214125 495667
89835 535845
312992 969910
625129 733283
564672 577598
530193 291501
255232 691684
597998 514626
547231 589503
941233 823667
450048 792500
572609 109361
130458 807120
682003 523494
715783 882357
894375 694025
746222 929907
899817 984210
717492 575565
153163 41297
849149 798516
490199 199707
230684 104380
210235 88197
911863 294266
86765 667819
777179 878263
685382 175726
699219 423988
822697 883737
577761 415001
861260 717071
217632 840334
932251 277428
318724 935124
249991 601765
801471 167873
788604 740189
344737 548506
842771 515190
183008 772952
167566 929536
621613 476539
416878 852947
736683 837183
768536 239574
472997 830796
187481 146147
423574 690628
142103 636083
237847 258649
942873 392093
132282 555669
104174 247829
763018 993370
766321 946945
392832 946026
938916 450238
303185 530796
367978 355793
111719 556219
903366 136513
282659 584715
275342 607199
243281 222584
481233 933797
325889 997480
553148 940457
188285 974522
967892 657322
120618 951303
413680 250564
700802 29801
560596 868947
224739 520338
592908 444925
97790 336457
437523 496274
619824 896800
119384 229217
163013 863104
860583 116968
573776 488901
463423 413731
587404 762061
229715 947666
714581 224373
770525 159746
28692 415382
452071 847472
292396 769782
622591 44979
57604 906537
803337 60113
289329 677427
540530 439072
72391 452341
457594 917465
847547 646166
924578 437368
385033 951302
175674 154292
830389 99613
31347 462550
310021 375432
145214 999769
561099 118768
25305 767804
827916 618702
296128 344993
300416 633597
602289 353010
786826 372806
535323 59882
13601 634372
585673 459901
130544 914985
530950 277698
740247 960933
336364 562296
78416 566619
685386 481577
765732 639515
258216 227042
88386 110000
743596 70696
940057 388801
761606 345884
922118 726882
877605 296929
273181 935718
367055 463277
740974 403724
881008 898004
460299 997572
80542 217372
215300 55066
694580 282279
509321 981032
91031 469148
539843 114058
502859 350978
213213 996251
239484 780816
594096 135330
587400 117088
580364 867276
787352 954454
852457 837689
351612 668359
885730 829107
400524 432153
714431 617382
598413 95104
564251 740103
854161 205795
556772 620445
133047 357019
654186 769984
421666 372530
489617 248282
631909 525417
996222 586332
424020 419260
87619 365030
194136 291983
724135 489700
107081 594659
206114 438565
178668 221845
427639 286716
423512 549180
422550 500762
787098 556558
445439 76735
841368 725115
250531 935055
37738 473277
408888 246752
611781 461757
753739 496506
986206 322268
433278 994225
432790 609638
831483 639392
442459 127809
676988 259121
276235 865971
938880 99537
692623 63332
304798 384319
835725 533991
523619 555328
318431 873463
851571 932506
945364 446563
768830 605310
115886 447921
57558 718459
874202 548675
192835 889040
664513 316661
182631 386174
485710 940747
520430 637862
22180 694685
228675 825227
896906 857905
247719 268645
201150 215336
661898 99289
220950 662865
110785 947079
665537 336836
401862 168343
57382 539739
856399 594697
497222 721894
178992 555381
193242 982932
193968 699421
40999 731774
106030 422642
691286 937904
153239 353748
453036 408787
71652 331488
278566 190338
527173 182436
867130 460455
193 929034
40082 440864
679109 372943
928323 537304
36587 858101
73873 637916
886041 230554
169547 114872
569127 992070
862169 377184
785970 238718
86557 831557
21894 373973
72761 365123
825577 65418
994451 939890
380753 342121
715063 550885
604540 59862
434314 159737
797652 157478
904383 508186
139409 683693
192114 73929
967464 224888
463605 570635
402191 753433
643758 550161
431635 940436
5853 716518
172759 773563
115683 516655
583891 69864
646077 347097
506833 188430
345907 596742
104927 304485
504529 250289
840569 760688
501927 212994
783628 808032
77817 481883
548395 702170
642605 237926
470795 980030
269944 164809
681464 643553
229768 901979
249075 265354
970136 392196
988937 755908
576744 832394
599035 610216
370903 81272
810617 439603
763987 389181
871063 594245
296414 358155
596080 419457
915838 455371
620179 66874
226778 185782
87760 817994
599700 972898
365093 853186
609093 569835
918580 354030
964245 185836
783459 517614
473569 851499
240679 594076
704672 753907
112061 111741
47549 517437
972807 708140
291365 963387
665520 109338
927331 34494
7391 269631
122816 527030
613216 372484
726513 731909
434096 531796
565761 207109
574959 217555
327982 555681
309587 815637
443729 32653
550089 421647
646138 7629
971015 39248
148585 453854
488348 636534
422516 75915
119297 495738
384573 545332
277240 732512
780659 627437
834545 227687
961593 862772
418452 409503
741491 289574
838578 728039
666037 701571
709200 388667
944266 828527
282380 680214
833100 92850
685116 287079
299169 255615
317298 804412
53276 683741
311178 594537
338576 350286
213057 662074
587929 300168
106094 631509
359547 329419
30990 944671
849689 541935
370461 256541
936754 793954
886803 169193
972623 286205
58172 571919
892682 271791
955532 375469
486358 945957
812595 783061
961486 824933
641452 25651
657159 549414
395185 747545
208568 533057
591344 942526
199066 58256
852210 961804
647348 652171
938376 255364
343634 619971
891761 512899
888367 236316
698624 363644
663056 891076
716008 511218
53221 624542
173955 873812
621356 226731
759788 569139
511664 829923
404531 351131
829286 710729
362900 256740
28455 992986
129308 817627
330525 372089
124756 21068
901064 735243
626319 339731
367301 564119
188660 858678
732489 420521
647251 878967
964457 870197
700119 923390
790872 476121
703201 621001
