1886 52777
8793 48335
1492 26649
3362 50027
30059 57763
1540 43426
6736 15211
12567 16429
31530 32862
5067 13135
39802 44022
70 9167
9456 35011
7229 37373
920 4784
6198 54324
24370 26413
7091 28980
51873 16862
16996 57281
926 8084
337 7505
2729 21313
26124 13895
546 9814
435 1364
751 2087
277 8178
53584 15403
52754 22399
61 10676
740 1012
9586 58094
50795 40570
20378 57467
98 3902
493 7652
57301 20280
19441 13865
38444 56619
5729 18031
9097 15771
676 1709
5567 37856
32353 14586
15306 24683
38624 11528
733 9829
20 9270
709 7715
9149 57796
52618 12245
53451 52921
52379 57488
48228 29841
25193 51500
47764 30124
7987 35856
492 3227
10859 41936
3551 26437
4275 35407
122 9858
7029 21237
794 6818
26143 41011
530 9776
5443 15763
14538 28606
3904 54818
689 8369
918 7996
47743 19470
58490 55499
7725 45644
506 9139
29786 17669
18542 48464
10507 19355
7348 38611
37828 59299
747 6568
6422 33311
8605 31801
4730 54878
39320 38736
9626 58522
46708 33416
259 3924
63 6624
37 4452
29379 55550
50071 10973
13881 44930
6894 18660
200 8981
12996 12959
814 10668
41095 12926
25084 21340
8684 53376
937 10107
757 10179
888 10412
3172 11659
337 6210
588 9206
714 8372
2255 24819
8721 39904
10811 33940
21705 56228
39150 25984
4920 49224
8269 31396
6630 50084
2972 17672
57625 15385
49299 16640
43898 50713
16190 40524
48209 18581
337 8732
6994 28004
24769 45273
28850 57255
9142 35579
2993 33205
39567 22504
2961 22754
260 9944
4202 33506
12021 32842
529 6189
10908 59958
37 9808
7248 43303
3133 31648
755 8567
369 10529
48046 33788
26249 46990
4033 15363
20253 54892
126 2152
6975 19188
730 6436
415 4921
305 1028
9050 26748
9902 14794
700 2043
42002 50428
501 1681
18538 46159
32535 42134
2692 12215
505 6629
1964 58285
6343 36335
901 6238
26949 20289
27988 52292
50743 13144
391 2682
13541 10569
34232 32261
361 10117
762 1081
191 6425
16367 24677
691 2626
7057 59614
38205 50358
57386 25100
727 5994
7552 35578
9946 42290
16970 59051
632 9593
9627 51312
10214 48355
30090 24412
611 9969
275 7355
16620 35433
889 9338
8770 37284
50417 10606
6849 10237
60 6217
946 1783
9458 20873
14289 30483
1478 32757
5471 55729
460 4618
9025 21388
234 9157
4493 20358
1699 43417
6569 28363
9794 23173
7431 27462
391 5292
6057 15115
56157 48574
11947 22951
22 1537
45054 24030
45325 51081
4516 43002
140 2796
3338 34580
22 4970
813 6379
686 2536
177 4483
59759 44857
4499 29911
23950 15236
8818 35105
50 2244
806 10934
8375 18955
590 4768
919 3805
5822 36982
34030 53093
40126 46593
254 1543
815 5713
48377 34762
37088 42919
16732 20294
10346 20235
6691 15153
32573 26328
292 7710
218 7836
35055 47090
38130 24904
32661 29633
790 4073
852 10805
8868 46503
7 3195
22949 31120
1226 46763
597 4981
8560 49036
27770 43518
343 3532
3379 37321
54984 44172
54234 12040
73 8398
2063 30347
31 1573
46059 17522
925 6082
233 10204
1443 21898
641 5278
1262 39262
42 10848
9324 36272
155 8335
458 10365
172 2776
219 9701
5653 19933
13959 16728
25797 58720
309 6334
1991 36376
716 2052
28189 31559
14010 19016
4109 26539
379 9109
82 10114
990 10426
6147 35223
3231 56532
51281 33875
180 7590
6350 21131
858 2494
56081 14603
12433 47982
57487 19415
9825 25404
7892 10551
33 10134
507 1415
10708 40595
2962 22297
777 1154
51309 52587
383 6021
564 9860
212 8685
5285 50930
584 8314
5116 55820
526 6528
8525 57490
11360 49618
30337 40928
622 5310
1888 44225
34570 53437
20008 17722
351 9657
828 10126
32071 36651
911 1528
399 2888
3393 38577
977 6199
7931 36087
100 1657
1952 37017
52735 49368
28184 13195
806 6266
9954 12528
29593 57278
556 10672
446 6000
20997 48283
7127 58382
24693 39334
8334 48421
54985 32957
51761 38762
2541 27716
851 4662
10399 36217
174 10015
852 7364
48263 52491
30037 33537
38828 20871
36987 15856
9341 23970
666 6511
59517 17361
51351 34112
16506 51638
365 2489
5154 46104
680 7141
52538 44969
7170 21956
3760 16649
5465 54314
887 1183
970 2535
622 5393
290 1109
5673 44264
549 5295
14313 26833
54949 59355
17793 38468
10960 42933
4286 23171
6677 50140
182 3761
10323 20050
19954 21075
3042 45624
4919 16289
4469 11238
5976 35383
23133 36343
957 6981
667 9011
56912 50192
40902 16868
6002 43174
59718 15216
52377 55487
5573 48957
7125 23933
497 4418
154 2726
56980 35393
6948 32305
24029 29559
3160 44562
8719 44280
28902 53010
3726 37583
5140 13708
1938 42557
20431 40710
45905 37690
39391 23638
10421 37667
672 7180
96 4899
8088 59154
570 9232
15710 52373
434 10663
8279 30094
51499 32351
17464 11742
3086 57515
29915 10186
12 6634
388 3722
774 10643
743 6354
125 1139
64 8418
41712 45269
15404 52733
735 5819
50435 51087
670 3450
34802 16837
90 4610
55960 26704
3557 29829
9816 31892
31522 13605
56579 35361
379 5447
46 5882
5899 35551
2386 10353
26948 24794
28506 37107
25417 39664
9820 58480
995 7354
18437 42933
46317 16312
29017 46709
19156 51608
2745 22995
11171 56295
1559 24801
36652 56571
9925 11743
23091 34089
567 9878
51 6196
13333 14213
500 4370
55568 25115
39342 42639
54263 23198
29939 16202
51631 25128
21804 54571
44683 58138
496 8540
9972 47226
44158 25725
1952 37645
447 4339
35883 27603
6825 47542
3339 39174
1596 17330
10294 52013
520 9860
4292 27832
50279 11990
1635 19295
7107 12741
571 5976
585 1801
801 10492
26496 36440
22763 15735
49873 12606
5523 12251
42751 52530
7704 13165
48302 25625
592 3547
9484 17131
14919 31931
1528 48427
820 8543
2123 33768
640 5643
2988 17394
5680 14098
19 9752
99 5695
36505 23179
7066 28098
473 5978
7966 24797
5547 32272
87 10912
878 2900
198 3932
22035 15951
9498 20049
4861 12906
4 6325
24428 16797
4633 20115
1381 11014
30897 42100
12408 48329
51313 55879
317 8914
28775 32765
57930 46626
617 7629
10752 47409
2515 27395
429 8776
614 6026
2062 13786
764 6100
4397 39416
51982 24544
4320 38826
566 2794
47134 11546
10853 43062
3686 53842
535 10807
835 1869
6815 37984
12324 21382
452 10716
29343 23037
862 1602
15360 24088
48620 23941
3924 46628
8708 43162
13870 11996
8466 57811
32515 26487
333 3290
694 2633
3880 37494
214 3854
35444 31475
58738 20751
25873 24811
169 9681
19683 52499
5535 25014
770 9346
73 4391
9411 12623
8057 47836
33439 23281
30114 38371
13418 20596
29883 59764
5697 35800
4674 10335
45490 27457
950 1529
2690 45292
17629 52349
7422 42140
23043 12255
767 3025
2653 18260
6220 22957
2287 42983
38721 44826
17205 27127
729 6169
57227 32798
49563 49221
8883 28616
9223 15382
6511 57035
564 9608
11768 19895
8660 14968
10 3173
34887 31254
54057 28481
930 5396
2942 12280
5209 56855
54854 12366
760 2281
2973 29401
172 4413
900 5422
17755 15661
9780 26071
32603 48000
32000 29942
1012 40504
39759 35358
42894 39117
24636 31090
3626 10614
2937 28865
4421 36620
9863 15400
3786 38004
8458 26356
5410 16368
570 7128
4446 45374
606 1010
166 9989
3490 50926
239 1699
1 10562
4832 52348
1017 59807
32497 40569
129 6139
8470 48585
31280 28542
12533 51707
44400 40550
2485 26788
191 6140
20647 55325
30461 51694
7630 24191
521 4320
40538 47142
1930 18422
8685 37308
781 2708
3802 39545
523 2087
158 2735
493 9548
987 2530
54049 57051
7956 37589
28448 54872
9482 42557
577 3337
6220 35139
8005 48014
283 1523
45236 35015
885 1353
3724 10754
4236 47710
243 7158
7023 34641
3111 27569
7260 42790
956 7147
90 3781
43958 28017
376 10901
24674 18978
8377 48566
27669 52161
3833 54536
46906 32999
4316 49260
47570 15567
23486 23008
278 7966
436 9693
5946 19719
213 8096
29540 31117
9674 33950
803 8208
22851 20525
10690 24447
3676 37934
44795 50563
932 8351
321 3297
46688 38861
7974 58401
70 4428
1052 48582
4682 11433
10277 41123
7790 40151
961 5946
448 7229
629 8549
50528 40589
877 8563
33990 56984
34759 57036
385 8071
239 3700
20539 39490
8775 20450
2926 15250
4428 19878
13579 26758
945 7634
3711 46977
7257 21736
3034 24472
25595 15710
26632 26249
2467 50376
8601 12302
19963 22082
46227 42014
19433 50958
555 4669
1659 39927
2801 18313
719 1260
7335 16892
444 5712
29353 42313
14513 18628
10551 54856
700 1641
482 8195
890 8854
8736 56008
705 9726
6733 21414
365 1857
725 1210
739 5723
6834 50626
8945 28325
17366 30806
1456 45047
10826 32784
861 5840
38155 10573
696 6290
947 10366
864 6104
409 8290
19161 25235
556 3601
145 10410
38291 45588
13447 39448
682 4956
330 10651
835 4949
902 10164
8043 37572
8811 46733
23256 23640
860 10136
4510 17428
298 1875
2924 24556
5125 39885
5319 34071
53880 27324
897 5367
204 9530
7746 21786
6594 37645
4852 57508
57698 37805
8344 59730
948 1207
44200 40878
5107 34758
4179 56007
176 10210
15904 12308
627 8902
486 9106
124 6804
638 10501
2410 30448
70 2000
4150 15108
2556 48287
329 5462
2983 46718
2423 12345
5861 33182
808 7657
20911 57294
25744 35057
138 8126
6760 16628
49141 28184
34882 48865
10833 10848
4444 58623
2310 53485
284 6644
413 7555
23042 52300
21120 35789
7550 51549
738 8042
915 2924
35554 48109
48264 41554
320 10216
34260 56499
6506 58263
400 2305
702 9777
1129 45328
1186 32417
44779 14683
5589 40237
45247 44853
881 5524
19999 38784
2114 40643
28784 51042
108 5096
57218 24225
8231 30763
287 2894
19617 32835
53058 18082
54 6315
618 6314
45680 12780
2006 31564
27638 43023
45752 40242
546 4825
8756 44463
21002 54080
486 4491
59174 21544
9388 20161
739 6841
2379 26848
767 1838
251 3942
1959 18488
6135 32596
207 4598
1113 14435
4454 29962
3110 44702
22432 37440
21886 55171
3904 55289
46946 55539
583 3850
44 8986
57319 39192
677 6657
6875 25463
56619 23925
4877 52709
10680 14595
332 8500
821 5446
5956 22029
7228 30424
7448 27744
7618 40772
873 7647
10439 19619
48709 39848
771 10528
56355 21859
36229 34031
2642 18988
907 2568
509 5369
5303 10987
9107 42211
43726 18003
272 4064
45526 51186
22376 47541
79 1122
9226 41765
405 9023
29358 40532
8408 41187
7230 59294
18051 59372
10492 22644
781 5522
37949 36898
4328 29976
16387 28202
139 10958
8458 45668
48146 19428
175 6658
7414 20062
34656 19554
316 1334
41160 34635
27546 47964
5055 20703
25033 11842
8683 29300
37216 17446
938 4621
304 7387
1042 31043
778 10710
1386 10870
52893 28417
729 9824
9766 43858
18466 57893
20186 35109
336 4046
5495 53702
8716 10096
493 5874
307 6260
404 5506
9817 36234
27934 11352
9893 19818
55504 30005
6913 17692
49944 52187
362 7256
5526 16748
3050 53054
26796 59809
7311 58626
3 3912
10552 48157
42346 43661
1250 35927
8553 25871
9557 42584
11 8111
338 6513
278 9661
17074 41324
2754 32326
5139 11878
56342 44225
903 1827
2154 38380
947 4290
995 10300
2142 23990
5696 42619
413 10693
22754 21448
1360 25587
26124 21929
903 4183
43606 24337
535 7636
5046 13630
8669 31125
13157 42173
4658 46585
6483 59339
35986 46052
369 3176
11327 40430
467 5037
4633 11571
51794 35617
10255 59638
708 10147
778 10157
54893 20992
458 7978
961 6347
31744 53026
7711 44492
369 5477
5660 46271
4287 51879
16687 52586
48613 47363
8124 58609
34974 15066
55229 15027
8660 36771
46873 49835
30124 52203
14945 13215
58088 36503
869 10542
45500 48155
3936 21631
37717 12958
10476 58187
3934 42199
6770 29072
