628033 785720
260992 495010
435596 574906
930819 975074
640783 928382
381897 638003
30030 303489
301037 810823
696409 710852
618544 958452
14663 258043
221098 509270
209974 310282
440859 930147
808564 960777
794306 825453
840517 958501
867461 880169
550290 737511
212546 846436
211322 685629
861728 984227
422157 708450
248312 325037
877658 981075
992517 995074
237205 777303
278543 580882
630145 765024
779179 787678
316270 969596
993030 995161
112777 198472
211227 369210
476698 488632
520609 891243
761445 773042
41084 892132
112953 674863
50163 362563
432644 944755
943840 945284
804151 836527
79801 600505
514561 632117
214178 801971
673238 913555
863499 940347
190444 464826
948662 950439
87284 504537
687297 909381
275835 598587
236564 815323
198487 974388
532047 741876
517311 767293
639382 877714
139932 776844
321607 325669
936284 993984
547075 590689
270434 661248
343479 858837
832544 898791
756795 883193
643613 831295
700429 950846
60378 935989
39929 699111
133734 548161
762136 817696
423962 582266
419470 798206
416671 550402
915891 965544
672686 769601
469624 992605
653525 856772
112379 672629
204653 811074
624162 963774
397294 725813
242227 637751
60398 664914
222069 478763
464667 545516
894763 947774
511835 566110
718024 980193
75767 370167
608900 682101
744264 947709
48292 494555
213946 310031
673264 692497
709145 914371
936262 974230
116656 597562
454759 748510
652 989867
698388 930009
8150 147394
302166 829494
560634 700575
509550 928656
711610 755038
384874 445096
978638 997560
518047 866342
774111 906773
788602 798293
149163 193626
395340 791158
301946 391624
824868 935184
167259 695993
842335 934199
668981 944615
971947 995010
729566 855793
369646 490530
82144 994360
333678 517896
463090 978528
647462 969171
411436 762372
604991 993971
47993 277366
505930 775613
502188 622667
359191 629548
955538 961543
473478 756121
912266 953428
266709 541070
537777 633950
52029 379107
99908 581806
575770 653286
869857 958728
285880 544385
451223 536181
888281 903285
522694 660463
799228 865324
709032 742254
934367 996778
175463 468631
625067 754162
790474 946367
635490 948771
267928 881801
323921 747124
547157 710158
716039 775322
908932 983426
123352 153148
933281 999726
298989 832385
968111 986198
679618 795724
292398 659480
551096 931588
213814 410878
432091 631676
650982 757514
931493 950094
761437 991828
827917 884183
164635 752411
140680 182747
335491 399573
990678 999685
120266 548939
199644 370503
188318 547504
61498 494258
206762 988723
677552 903743
379491 454217
55947 959163
772709 776489
690485 866502
572518 838083
539973 666411
386792 574538
564790 628008
100918 579529
331858 825238
884755 913645
208800 804481
815356 914324
514475 593890
185716 478381
846452 913186
387923 633056
788781 824875
453148 550286
367230 383732
871361 892488
361895 466414
808696 988242
94334 238055
377276 855913
872434 963013
279849 398860
30043 161128
299984 900768
858072 906730
934951 982451
981789 982773
781100 836289
645522 704249
330819 423322
302496 799532
58723 303224
437684 990833
207336 446116
574130 925734
149495 305778
112441 251410
841603 860394
912672 988972
615540 635660
196892 208346
57310 986145
874066 878878
100095 125385
720553 820337
929718 987765
629488 882062
561174 756037
440125 745327
882302 956694
781091 864789
811737 892916
477066 590016
654122 806734
690376 838073
928544 986152
763719 831836
126494 241972
159124 666606
379030 830162
157763 313028
554669 706275
541615 709146
295978 668758
516907 984221
508637 959378
124029 817948
183496 246087
246216 776894
388333 419475
146039 711622
88144 523012
763883 869525
921646 939276
323835 577994
143737 307559
824933 903017
993525 999465
349136 684446
226395 975910
734894 860769
379678 462013
192883 774688
679074 899071
719895 961348
828548 952700
355143 676890
575326 731690
742723 775494
337412 358657
25677 735777
405355 468724
928738 985223
708763 877386
46373 618066
730468 919390
644553 737099
656470 722174
585208 743985
387872 805689
166307 676787
429411 906112
314337 460580
312319 742233
489388 906424
136499 866358
970579 980878
705919 728804
884925 976353
133114 616837
42338 874935
107219 462980
527257 640261
705832 953759
872729 979561
133117 353067
8104 199062
851301 903004
819377 900275
36496 374932
777356 813165
374863 969777
80695 725854
268701 549191
114394 320197
530258 536787
446810 766436
141703 879706
498772 902933
784201 818900
208273 611120
478615 562234
429993 806534
937923 998536
397302 585592
180451 207000
142095 945967
863521 937002
965980 992820
800087 869014
879366 945532
401121 821997
749973 950130
137610 521507
120725 847481
837119 867778
734350 957663
922888 983763
1929 417158
97070 207508
493508 747861
154381 893053
87665 417390
749601 792547
622334 940283
266702 544352
858585 964538
411886 702237
966617 994437
348333 966574
915089 930203
386755 714177
533856 640511
237771 725941
500874 644343
773357 824975
549147 689283
515942 524133
155888 325390
396371 826418
575321 616899
63802 503319
370803 951932
721610 857075
598341 956583
939595 941696
103665 577474
460863 638036
762776 918694
344907 374345
111024 273299
965474 982113
252327 771763
732005 850749
875387 916842
686533 812273
482305 866395
47584 901064
369540 755980
245835 464952
739816 910301
730455 796688
228671 310261
542970 664833
188622 761560
99327 892056
880555 968990
676811 798277
659351 860590
473994 921988
146548 785925
665624 971256
329768 846634
675347 899542
489686 702065
458892 512198
479148 557951
21202 631200
479754 598696
533382 992058
33054 43205
479782 876541
890929 964753
551322 595952
545280 548684
740358 915192
6149 586037
162504 898558
579924 708769
943078 982497
106489 600094
126675 654968
340785 556465
177187 441103
233836 535549
943597 978209
538125 996335
740297 757208
919780 985415
334310 388054
37578 791420
922406 985227
866004 959085
131718 539098
254977 314497
192213 474425
816302 853577
832838 985775
49747 209233
14563 712357
911284 914233
123222 281059
875243 886225
439679 802226
941782 987333
288606 686451
422270 695101
251149 963205
572090 693536
42532 267106
464454 928706
222981 781699
870767 945804
677053 792372
583711 948796
571053 858238
226754 795159
438029 941313
663867 869336
514825 722898
467291 702370
396276 484068
267044 675855
270678 468226
854388 939604
555024 869502
799304 914563
52378 911257
785398 851005
48935 319274
318336 609957
22952 227819
879795 915719
970454 978031
542012 881944
517226 538088
295097 400549
237752 723390
919324 997184
757178 921898
335890 562123
148770 994153
786536 935202
490282 842158
334492 520912
127786 936547
528054 811356
27130 766334
246564 280440
368715 884078
769288 867968
129947 281140
625496 719389
961385 996330
668519 899389
146941 619327
146883 427229
988188 993078
507543 786914
91490 162124
541843 849569
218499 948133
699575 997509
885938 948388
673429 964307
490454 521990
698903 953748
737694 940661
366582 623960
567058 858910
91781 92757
459280 604752
493984 508557
41137 489146
97227 335330
652330 678302
139583 599007
352596 618171
605599 641387
97995 680697
98434 464161
454992 722358
545839 926234
582861 636542
535372 820909
751803 826406
363234 920324
994347 994962
38050 154184
272700 452862
92619 898947
874777 875849
930287 968460
66094 881429
89071 296411
409112 952206
159526 258725
907179 935829
407163 612772
140694 442894
290666 660356
412427 709710
312123 772229
102972 241079
742811 980106
47890 662135
933224 942264
701701 881194
166379 250467
862222 912601
795446 962983
351421 664155
166623 808426
365960 407976
822395 908844
83488 677571
952774 987437
560849 631697
238751 936414
876035 910530
521159 787878
346092 610013
952364 990406
529549 564095
688679 692988
868845 994688
15544 222003
152621 694517
908289 957642
341000 829766
167516 723965
379810 576348
719222 909301
799751 871012
558585 907625
82259 466301
856041 873611
966772 973320
132335 307443
123687 240531
735832 833227
265869 475790
416677 595157
927207 944322
456317 846794
461719 851247
235401 871682
979727 982197
795208 888481
924636 925277
796772 899404
748224 787884
187065 564160
104778 497774
26461 285490
873141 997604
140064 558517
494961 677531
862120 880953
800488 942473
743071 764965
497102 861811
846046 870905
138602 645073
259853 398902
161725 168275
593449 852524
922886 932561
595813 778221
226473 627826
637646 933242
304789 918013
945504 976115
845553 941561
106858 371721
851447 980449
644920 767487
716945 978850
191243 751313
515753 532969
217512 730994
155530 258018
989333 995962
985732 986907
221255 388686
32695 182945
531688 680867
836757 981013
579539 939371
482476 668260
714398 831251
173002 448741
221212 719814
148525 266757
868021 876300
249400 646582
430995 483568
858988 947928
983235 984908
338937 468475
197925 912006
48918 627696
512471 522423
57305 806761
193378 449945
323834 991652
621430 680496
398567 408109
714291 837432
858629 865364
685780 903611
893006 934909
306030 521014
11592 570650
771 431093
979866 980879
250640 540131
819994 849134
348763 479829
72812 678836
943141 981876
389711 955860
12688 188761
270991 964436
766547 948874
21171 584590
314529 369339
360445 794188
442745 977334
796714 874125
764356 872527
579826 834617
935942 953900
87109 338455
188851 634797
86595 884720
576 571525
178458 860438
962591 975055
737115 829862
925965 966173
960582 965196
639423 803531
498616 790876
543529 923359
574529 946911
422533 873972
872778 912428
612450 881789
743388 772397
145818 869109
76307 169040
351637 714106
279813 727146
586316 786037
72879 971560
724657 946237
360452 635836
74869 757620
894913 927141
841899 916338
563898 663257
148139 356897
335103 390292
458436 855105
483074 848689
929437 979640
89690 135112
136827 921329
205743 669818
475691 748494
927448 971806
523699 645460
864260 939239
390510 400998
367263 654333
844046 942683
384492 900076
977458 982753
239791 383922
960357 968704
729396 756519
54141 224115
127234 206867
881228 920824
168259 193081
461967 987781
196525 869841
673845 897501
221739 404788
834662 846499
85565 283792
548609 841575
853542 894864
762299 870311
677110 858590
449997 534603
18701 284688
893060 967091
946220 946604
554168 628439
263960 429125
478778 906064
773991 936662
806849 926765
202739 808194
608918 927862
389535 480021
19093 333880
426557 807290
605218 867478
308939 360118
290284 596919
576290 859639
330723 665797
529697 766286
231160 273133
301489 827095
887774 957746
149971 909711
728116 916967
881390 983230
878264 963264
638758 839604
769912 864721
416679 840635
971154 993857
38384 333741
578659 969281
651911 737015
450200 804785
856025 959033
982323 991215
513486 569719
8216 401772
19979 811280
258424 823464
902077 978386
560111 654578
241565 593318
392927 398592
153533 745806
881625 958636
512726 610633
78420 265210
319984 717730
333172 919923
114571 960448
680376 754710
973842 979732
819494 897007
638610 888278
217897 816456
63123 450227
665626 758537
449708 904054
944554 955985
995426 996692
700520 895561
172804 504916
205556 907427
290858 322336
614837 895318
176874 881379
206490 630704
432093 502125
865396 872238
752822 770874
440850 975721
987061 995959
460802 621105
488572 904952
683579 808586
621591 686317
192910 669160
505204 561194
330103 921084
101616 112008
893941 975415
553434 739924
952248 968178
927537 962052
901975 952411
31127 723475
506474 770182
676051 887385
793286 813410
862106 864469
892802 981628
697733 796469
901493 917735
684349 786403
740665 801557
817810 934071
449948 607998
484210 748979
273037 523484
632313 738748
77941 815181
430476 853236
927612 951292
990953 991349
23405 401242
443070 471317
11067 925962
463810 829855
676762 914749
765464 991627
581418 844862
23235 838870
313611 697883
203695 462792
825134 989054
266774 594170
453333 785462
218588 995251
76409 507570
526467 788466
311189 497230
369970 858443
907408 912221
809453 856611
504886 831407
383166 619872
208559 504413
249149 397055
412675 642803
85023 846581
296945 469536
2174 927371
711678 865258
562591 692880
399265 699258
941655 960697
42129 497636
582484 601332
14041 433303
528834 655848
34137 375287
468856 892515
911845 988400
424877 671972
688763 698812
622806 827419
188328 583096
869886 972201
385644 703010
913379 961393
502478 788811
690805 801990
809537 970824
349517 926091
307495 570648
629399 738337
341123 817112
640323 729185
214004 466801
39403 531010
868041 995610
645967 846123
319892 805618
446486 516032
739639 770720
80762 903622
411303 638998
149255 188161
670853 704909
218877 894886
12361 455599
424355 522429
617877 841953
938920 990051
956194 981619
291741 402061
213608 939324
12521 815418
218619 378337
451901 856602
848095 873819
285614 850209
274998 644179
625667 955637
319987 455321
359145 910996
885869 979741
788213 964814
51757 451351
311741 930497
64221 513733
689064 905486
60854 328424
441113 920092
699198 702585
716093 732720
228525 787340
724048 854161
183033 601693
166342 628779
181713 678866
318460 529358
100870 377593
375326 541788
815036 932273
47259 505978
636070 761252
756736 929776
137857 967380
74961 833674
163170 392076
365141 805088
101974 842974
610150 775246
171613 410102
449168 769992
878619 956667
648261 674853
790992 809539
584162 669723
589673 869300
925008 984263
655033 694902
811710 827748
831507 851981
576252 709968
484650 587115
488768 965179
94791 152473
530251 804232
310461 533045
910285 953895
304733 533838
209539 647084
881639 975445
882384 923380
394009 937629
292034 968700
648187 774751
178641 355286
363828 735551
844459 888024
374710 594884
200170 422108
505584 668601
726935 877583
889900 951551
69055 380323
833944 894232
946341 977181
801233 888673
483090 613764
553011 863433
19969 504045
932966 939093
516465 885360
249818 723007
568593 826415
591047 653371
294356 970622
183284 564050
441591 632896
305503 846761
137633 751955
763010 776416
764280 970351
293081 895127
856599 939240
884732 886320
521535 702000
519890 656155
608119 827187
647874 937834
28804 831976
349460 884005
890145 967444
824800 932205
