191422 319051
684086 838654
475846 940778
291796 584262
409817 455790
248534 513893
188490 488780
117543 308012
306895 488936
875855 983600
391256 999435
155481 707017
93620 654790
244930 249754
195073 327310
598907 654064
100438 777123
424145 956749
260100 544982
567120 765935
6945 48588
8503 574662
248746 499177
220009 943601
132643 486903
485148 606269
373566 670483
312746 568571
631319 772983
245692 377541
560481 685402
616491 828552
417873 635412
239784 905672
696372 922958
502781 743369
94889 848221
373869 458206
148092 800552
296199 843266
281735 778077
787118 787320
245301 793269
251816 468845
151690 191862
113783 784520
206283 438493
439415 943415
68640 926596
207750 305466
241006 309523
524086 579728
448915 920788
313203 516747
454499 507326
751790 876234
55614 758831
196329 753301
654063 868949
287653 641446
130356 872179
183347 730619
232706 299178
103182 839400
770535 884902
311991 841263
590437 687816
265947 442173
406460 615213
425430 948120
378079 850308
177269 710920
362367 494671
220328 972113
243800 872096
320264 857943
260212 650342
179239 199357
639973 948092
168143 226322
552432 826954
186899 221415
119633 574606
20923 754648
25821 713544
529506 629585
39167 234627
35942 680077
668144 826797
930538 997252
658593 750078
243617 275719
6556 48791
98969 359523
266456 942150
200584 266495
586965 812269
74084 566131
100765 451668
484828 748789
837740 844934
513188 982016
31761 172162
509659 731222
429894 571694
521277 577081
227029 795515
356422 361721
360059 722767
27969 92108
863357 947006
301024 703330
9354 594164
118907 976470
452549 517938
64680 337472
134668 814108
193651 791591
724648 809674
574074 808788
225158 983525
189032 705793
288011 552344
706865 934220
771909 846577
512153 769237
799765 930684
556012 829244
188289 310852
24878 291412
187794 973563
428844 605380
707596 986003
794443 998945
112343 429789
265802 836440
336098 722165
592327 963288
338381 937380
644805 787442
572134 844009
179588 946099
385013 422657
766992 997825
313712 946879
83920 505522
237043 361045
48351 840548
330942 498417
207557 345519
258687 758132
220170 671805
110736 330948
522637 873249
480503 622488
104966 473665
172306 495643
20434 458608
251854 499894
65059 267635
329609 700298
127734 909554
50976 423138
657484 727851
432435 604093
964759 992560
678050 920932
17650 430114
358659 730997
497305 659672
17275 372062
223203 575266
738840 788431
152416 393862
255210 907368
791033 863639
231554 366665
761243 789235
516635 949303
4294 301086
22805 812710
338680 718087
188997 649088
448245 747370
544812 949678
304239 895313
638114 931843
37552 264089
89273 409246
69013 576484
76618 162542
388374 963455
12942 128865
430363 679022
2220 854500
868586 937721
21832 238367
384753 887620
93698 875398
940716 958167
193736 755085
119825 282910
154986 855969
82793 921153
159118 724103
345126 374064
489617 845182
685565 758847
429172 655841
16881 216451
366050 661618
556168 827781
354288 818652
476689 540974
52029 421418
767323 904506
160060 260226
330389 674693
352184 748140
668457 797847
307575 621952
569775 954020
544305 912381
21492 946477
83624 254192
511206 856959
319288 376574
180801 285303
608753 768913
449795 938675
216738 945945
125335 914650
196829 443985
333454 785354
66102 702544
289575 498238
228805 841875
579621 852708
758927 983645
523197 796380
576735 985389
139937 490516
308619 760323
527923 690057
566959 611251
532293 838764
132000 561595
40030 916046
12115 954346
673648 832336
639127 826228
417309 904530
201405 600080
267133 681044
735449 760842
81629 762016
57614 598526
644604 936640
43638 735295
111855 186179
607119 643956
567495 706818
101510 471833
620419 791386
515460 616256
207600 310971
64729 408816
489787 823485
462618 861013
402686 527361
117823 402667
217100 963415
180138 211206
3748 548909
563339 587831
19497 420809
403914 559539
372216 922590
112095 516672
71492 188444
20 512710
309137 337184
541440 557147
129611 647434
526537 622606
273279 673073
166564 259894
55217 766709
235270 810249
59087 206590
53558 296919
698751 739348
370816 732968
495964 842643
142730 175785
64827 829006
88306 941989
690578 995799
505835 976874
21591 857993
95293 893726
319591 988433
148844 419356
103408 293165
520907 987637
744198 896833
373957 390378
48969 807078
671258 739138
49496 795670
105323 534857
672758 948221
194104 236828
399558 604838
166803 486336
397694 745587
432715 781770
629322 634151
855956 868732
503055 692176
481856 967773
22719 329498
302748 607714
398282 425106
830757 878156
130629 482595
127075 400342
184863 512853
130461 495498
644463 962211
100108 252702
429421 528244
132351 340253
14334 890358
94648 762640
109406 898343
192284 895840
83917 847436
889599 979220
319879 686699
380794 787078
2468 815636
674624 775002
217114 520715
17629 652684
213441 482801
16964 767536
68011 878297
22963 564117
863511 953728
625859 702085
607578 977548
277524 453924
722164 731500
135944 200191
90311 507396
264479 833217
530360 696892
296221 983378
469390 731215
131085 890278
209845 954033
413677 723867
178863 625095
507929 745752
473572 738894
125378 870950
442770 487049
689612 972251
142051 920162
300587 616838
140036 793144
233940 477333
749681 955588
406512 989920
64444 220985
337988 713944
391954 432753
663430 880888
412755 543931
872358 926475
463359 922016
140952 669481
809741 983152
95781 145531
16246 833003
410190 753756
28301 779795
491238 642317
506892 632326
165374 276568
149353 821916
168854 805287
150763 471672
126069 529721
577017 919019
811916 986320
394512 423716
481791 957866
50512 785361
136535 163174
654824 890276
653646 874362
204140 569569
393833 462573
100628 683600
97899 116333
38396 646312
371941 932935
12134 723640
404712 405641
170053 864266
20556 411073
670503 841186
58075 147039
459824 768562
818243 923026
126944 338621
105589 573103
64535 647813
81628 589774
362849 764642
579866 896531
489821 564559
318188 456598
108839 485158
508056 797318
154630 875490
47159 944740
806362 991837
673979 960208
818067 896195
194589 370531
791604 926202
225543 312656
84968 277757
282088 569569
39185 969846
444911 777600
679345 771202
489293 904075
171413 328944
712391 967877
104049 152917
390266 674660
277849 301245
84141 195464
179546 999292
33468 423323
588403 723490
39030 221826
95052 929523
205251 606340
146480 277911
332581 526161
434081 693360
715439 725782
146247 534745
302177 898229
470304 919074
2619 730356
315952 793422
127253 617273
251273 498864
131233 211790
98225 367225
33897 447927
139148 819832
72989 655331
181715 787913
495768 509504
578548 833835
484035 552606
104903 582064
547718 706699
294989 404392
109108 503216
163729 264501
55939 334444
170277 616499
158082 875746
415299 947715
541160 901885
820995 885382
155214 740475
382735 971023
302125 616898
238455 932159
762368 899717
309933 519410
142188 424619
70042 218587
470176 829816
422780 594315
377943 872794
660872 804291
339410 455738
596357 930364
669539 686653
479095 817394
663997 924990
915885 997367
118673 694476
2926 637937
103849 489454
43063 653134
205423 556354
634835 838356
282369 873127
377206 496610
404466 593700
133435 370884
36735 757644
749589 797556
398216 496861
528290 888271
364808 887917
865521 893312
645137 830144
516491 812026
390296 989152
680809 857595
531836 878958
612644 990170
355134 499397
699288 994780
21057 212827
88293 757620
2046 124259
568656 886108
727522 846284
308144 937507
287883 542249
52665 454942
825063 868960
450320 630482
132272 215121
696945 803656
133152 518339
931448 943425
273485 349657
331667 437951
752120 784807
193963 921755
330629 566357
812623 893202
216955 714745
57928 352366
287260 673114
592645 756440
300210 523075
67578 981428
48574 860269
487009 938970
314258 489153
229729 236656
248409 959660
358509 942785
313594 781789
794122 803765
76378 801495
812688 932624
620862 810031
196447 718643
269712 285539
35762 890121
395200 884502
561259 699574
45677 225024
533643 741337
48444 467702
528395 933876
78328 724644
197461 582760
422213 722360
890997 948485
406240 584956
286884 802940
291751 519530
44743 736855
103417 326313
785146 990191
448296 557303
431912 586891
510429 793698
19936 628746
73801 670960
357521 767335
6814 828868
50504 219503
333701 517956
296225 404495
698329 811963
47055 754380
188876 732428
9515 812137
128684 954448
168906 572244
140409 247570
199967 433340
78400 643162
406949 608226
595044 682556
371628 477516
356515 646698
292243 588483
22342 924781
107778 824856
469330 585662
335700 521587
7041 162939
546781 782029
358268 627963
43375 980965
173455 976384
328390 678285
67756 984521
39579 475414
679143 980726
150028 471400
63402 876653
310347 379077
338205 764948
459531 535203
480254 483594
326073 579429
107737 198105
334311 575668
141823 781518
570460 630054
445557 866416
484559 779906
197184 343177
195446 633836
678922 761760
514300 551273
10379 254638
218037 634410
243567 749901
63281 467636
130128 265894
782294 945216
213388 858472
631905 668666
287662 807368
146821 442202
107629 568535
740975 947744
346044 782609
869290 881638
8123 225988
871699 924719
115969 883750
637860 689941
24749 755168
611023 827175
176902 247561
582714 824110
228662 860483
351129 386955
381354 410815
500894 825927
556234 626396
938 599385
456081 621608
720201 843500
146696 833099
31467 721819
673656 855525
31471 110697
651348 949320
778041 848354
227637 983959
236679 451206
166397 744573
783821 986337
93924 867515
266523 756591
126817 243807
383938 806564
577940 961842
150894 489816
414756 563194
394676 602545
184039 749994
510727 724524
731312 884657
96470 986741
714353 945590
755500 867598
484395 788484
157885 659381
408077 835970
474519 546097
127089 782427
196499 457758
411070 906094
31334 656025
662462 821211
64424 554739
555737 760034
604961 923680
8598 14204
93447 209783
69646 271815
85321 291938
591726 594336
185839 820535
134582 287676
48402 607426
58637 912757
357600 497082
51891 105135
731527 988430
154947 600568
683114 977778
419159 558140
84732 389183
489387 523262
178360 425716
581873 672800
527546 825307
574561 913904
374205 868679
352008 372663
171574 183284
604233 618959
170173 635421
28343 489705
929477 988284
454733 587249
20959 27844
784139 910472
246440 415282
9354 368660
74446 477311
275515 584981
215435 675558
380672 407536
87960 629098
355734 477912
116554 382773
338894 419578
276737 375593
632526 823057
528679 904020
704440 841119
415761 673749
128482 166223
374965 829470
54644 392947
284396 792556
427610 518259
101286 224656
382895 900083
414330 554527
282170 789438
280708 977928
474355 625303
54696 932503
534795 705163
423378 747240
64083 195180
364046 614225
20372 657104
737659 827687
91886 160081
43519 558855
89755 741729
720864 927102
493201 831374
237170 797263
816322 826002
228519 382051
193868 946057
313980 767384
211386 973252
110147 550901
235106 283982
21013 397295
409654 995825
539831 974405
45543 808884
296573 728019
428041 979281
190510 911026
91084 480916
177172 293981
54711 676228
135245 225697
408399 747155
280725 301452
216003 253131
197308 955888
310637 412658
427367 694759
239443 818333
321469 371549
314884 826354
267844 988137
414924 966543
210225 952707
84441 837955
272231 937341
19732 704657
161656 320764
348942 376281
663994 881185
433206 673161
192012 804674
413028 674722
64747 424395
878940 887195
465953 907218
613671 967134
508039 884173
85250 402294
417087 683282
838834 864666
336226 751468
758467 950341
202734 922594
25379 243452
242811 721474
153072 169943
546237 669592
790804 809993
832495 979971
94320 708421
165495 396106
733389 807030
557467 562274
429364 992439
399825 546399
623029 897010
570497 576297
394285 980465
283400 507637
93067 400180
306626 846331
363139 401054
837623 949252
187203 925079
24615 826709
718703 958578
209767 284756
151443 485842
601593 696298
344192 747434
513140 956887
832942 848824
573601 944718
154270 470272
214537 864680
286491 589351
214149 245905
53684 410254
157166 467976
661568 797048
727236 983366
280237 710983
431786 695150
236673 697892
115908 436087
278130 962747
596269 614441
867705 868679
99096 933628
842158 934612
152688 797815
97247 604863
489222 674485
294924 861465
562665 810582
287306 630882
602752 901525
44626 887635
522467 964399
214411 637167
2360 718663
250337 619979
667802 998449
51142 212839
489043 806464
99024 890223
38591 106196
488511 554443
934304 987593
669713 715759
460580 856875
96402 410207
54731 656778
513653 594104
349130 682966
10158 843439
424028 892232
188384 682943
143917 242037
372697 691085
443022 911316
321432 572150
319589 409803
93908 94061
431731 452963
51418 485617
731154 857611
270499 331801
25961 454169
77725 129894
609107 746214
60565 926064
133052 603305
170683 447557
341288 395180
409022 873252
102945 214105
69911 861970
10822 759342
460236 852461
248593 376232
903232 988287
74849 515391
69930 152670
197470 843573
614052 882684
194684 304666
161589 186806
566634 992207
109026 312099
31242 728525
256143 546699
151830 474302
66726 387359
248946 621862
250239 540971
221360 763292
142721 365137
196916 897693
316369 535865
76432 542643
333233 829449
442256 956448
528677 817120
373741 697899
23065 939917
163971 253473
251762 906771
67054 635257
222391 935333
776030 935223
52268 304865
413186 942723
466298 818245
59338 508766
144039 163797
778337 996518
260777 944739
479078 484887
321783 788823
606274 856568
490371 564889
961320 998347
57918 164767
431285 911476
375240 952670
404066 821247
58166 982627
79247 280271
95151 338509
854961 956780
120592 295877
63173 474322
110575 203100
324994 902133
182909 904255
631396 873779
6213 208025
670438 879190
876486 899025
152767 721175
443887 714219
243407 566695
99713 109830
40214 852534
266530 578143
819233 878790
830570 899621
359793 961339
670504 768073
661357 919271
375826 925750
854018 855396
450018 523970
218969 924510
88412 440016
536216 653643
317811 357117
630879 641963
653553 992285
460062 665452
