1 10
100 200
201 210
900 1000
653372 902598
512984 678810
499207 874610
707442 477366
635433 16303
880061 410417
507836 875734
175247 338979
51624 701742
448027 514086
615359 501059
328446 460261
808651 573955
837893 409489
772886 549891
360403 127991
772823 610074
809190 210915
754756 59977
811112 706602
120657 537343
281003 504754
14475 193591
709448 844591
883617 533806
985933 124108
911545 290887
75899 77040
519549 728847
822311 546260
121660 712465
760719 404018
770113 749785
982949 73886
322222 532193
426183 395214
763874 523128
169903 637334
586272 173653
308386 684649
891555 750600
452048 245681
997121 871073
350748 967075
45939 280005
112448 649242
675885 17995
656858 548513
473022 152916
740973 5726
416341 188268
798268 829626
711760 922961
159039 729511
345887 621840
405733 667368
560985 773829
493763 152132
789667 461129
686947 570454
565414 499080
245893 474242
413410 196621
602974 603182
488074 67832
298515 601166
594863 575356
486128 643798
313298 567186
247478 621590
681278 492433
640956 736972
838751 747523
278232 304630
408080 934660
858910 196663
892427 334244
626678 363602
196782 124833
410039 764204
114419 912850
295331 525862
860982 243613
968753 236650
868210 308620
892372 480420
29684 138262
386062 633905
533731 622623
230728 773180
91315 206005
876889 44432
248866 443739
225381 623216
2101 949219
290994 235041
795984 342302
617806 736465
941455 612116
213739 146440
843289 285009
255445 91836
989218 518685
29154 96041
18507 5363
39494 689288
641518 460071
402714 946652
858913 734523
374791 626267
896006 423845
857334 394541
105470 129758
539453 70708
911554 517361
116849 301217
281082 639266
576938 785175
691532 146409
9439 534976
711104 123736
232559 622620
818017 677925
262651 2463
570981 65250
919319 908016
18599 469592
219644 20426
917783 792632
975485 534609
310133 223482
703106 223384
827643 529966
791598 881023
339629 94142
157774 787670
908527 271230
209241 791826
139168 421163
73954 997809
190980 607428
590570 332882
222169 880276
577640 566790
851609 122596
781114 714600
716764 612842
287910 74244
524689 23192
946803 952804
468112 339157
296785 749004
619578 30337
171265 895395
486959 643905
675932 228676
64555 135892
551292 500634
651996 103071
985293 388965
566733 999508
848851 578507
363433 503630
152124 258278
651348 525778
559903 938649
597805 251230
238569 853773
599552 727334
127903 533113
906046 55932
830821 97009
471256 268237
621939 183940
769773 182011
120029 982433
612035 11928
538734 165543
996457 657378
476366 785456
545153 804918
591002 259868
906332 948919
478200 105485
280039 998681
581254 213743
959605 742845
373241 287105
933431 370024
324465 358551
260630 414435
46902 657527
152125 212183
508122 759445
1371 403585
436406 757181
758988 418851
708962 156066
125204 343804
343476 650576
250204 498012
335767 258777
133719 564005
201398 294537
247899 37173
707506 46672
793358 226192
216456 247945
334379 457269
727062 712869
600302 372523
203135 568186
390007 798034
635651 456110
516261 49413
74156 968398
700670 976939
172026 179749
522710 582307
631858 480141
688773 512015
434212 748822
85158 556857
162284 368356
916375 834451
876721 255382
851693 933868
263803 332460
366926 233355
438380 449041
849064 294835
777818 419037
319559 531971
344297 279124
849126 786459
598271 620005
851850 624545
757695 628178
398574 840004
37138 166110
936603 931440
869480 496222
489201 422797
513136 696650
739207 102343
62050 830635
808518 963682
873538 150197
116633 498165
288333 473372
134560 615921
963067 77036
54817 671026
374882 83505
586833 455150
947120 134053
95868 862928
945993 457404
940270 918506
231007 112042
715538 741864
304258 468237
875602 365336
188313 647546
534501 825635
785430 326684
149486 226663
674005 404104
608523 733060
678694 815130
398677 403648
661693 349023
661987 896096
325835 841987
873299 618241
428658 459197
205558 812183
970003 917428
324942 608008
739706 702140
321097 840928
563478 401538
491541 245780
426244 607454
984004 481275
924110 290116
709584 792002
449371 694252
927137 861812
578076 776872
808760 362845
800192 936686
943241 85148
246630 814848
763071 787272
592138 941248
643445 69397
473107 603633
713320 849276
439624 299565
913840 502841
964364 422556
284826 357046
56575 251101
335186 666201
893624 591081
459498 347591
695341 310181
329501 884046
712789 302423
331828 25323
564618 68646
953638 102536
273747 503906
340928 826718
954624 563184
940958 991930
993644 349466
400055 576248
364197 538924
759332 556743
828163 618712
719010 152792
805056 1275
803573 480749
142151 441309
976565 381686
3808 984704
211357 804311
387964 186632
128918 353629
806053 230156
374153 476482
467186 631134
575277 142741
123532 891006
291025 208030
854720 102783
475710 328608
150027 331881
32898 319549
975111 337316
915631 264006
908128 974039
35260 275080
935644 164419
628336 199949
200411 769483
449304 799649
20368 121359
809862 580347
21711 218225
728331 862750
390188 122517
958549 902345
297677 12728
308544 943778
59533 215594
136961 256009
437280 403305
213940 509948
97875 886114
793782 905954
906308 97621
731708 971408
829303 752265
581824 194096
679715 656397
814670 907630
139736 582495
571916 271890
397406 743357
799692 180654
962922 193171
858703 614437
445604 815685
13164 679844
851348 850921
226669 720773
27712 657044
26361 828284
260115 205744
951703 145374
282326 424622
748435 669533
981750 422081
202977 385814
66698 746764
253250 622273
185539 890752
707377 762979
913376 628438
23065 311772
638647 416606
756642 681233
18962 415816
761050 869632
989616 425432
637118 578471
785998 885955
651712 269926
950470 121372
882593 814102
415907 479437
342987 325162
81929 995233
514926 82840
439581 945182
920464 131751
546799 193035
423624 31746
128091 300936
975679 926697
565012 897811
753357 866135
566772 384636
243307 721144
326005 590201
499302 210820
734803 900912
348290 478343
289437 369607
353473 913274
548310 825052
791308 657505
926377 273694
712510 249689
969961 196348
239400 230435
582224 807328
537916 91899
773682 880145
834187 355531
337635 655996
336667 293252
178404 488571
611885 964302
544267 276932
937088 929291
785356 62680
695075 784946
854856 737357
198276 386471
262360 181445
896267 990693
502071 277326
755553 845704
298026 845842
70832 80324
532737 252103
719908 422451
881368 103342
879326 234283
670494 554613
358460 405556
465207 900709
417589 857386
803783 999368
417395 706983
157032 860557
387291 747656
818451 486959
711935 186605
568205 830634
644960 40610
720976 266500
387542 133632
413107 211093
861966 844131
90448 667611
43598 184740
506947 375719
945764 853313
974184 700709
44406 526590
230194 546970
899133 752887
333812 898066
845773 466224
319145 553756
96581 959589
609003 383266
630465 363740
101602 870217
121129 610588
860339 860115
286153 378604
885477 760806
449081 891371
339504 247408
182385 210924
746046 672879
870194 403675
944033 96078
356465 208681
53663 432615
739578 296126
34693 638478
853809 432906
530579 332555
356314 6597
152119 427976
299120 537948
718555 432492
140229 696957
407163 277363
278313 819535
464268 44084
286036 105352
125258 83551
923029 121987
390664 533249
784943 407151
3594 747896
232440 428214
33501 135002
876616 941814
636414 637324
359810 186463
320522 711865
672340 731145
96031 784407
794960 447112
579144 615348
576998 453580
337071 386057
128908 52653
11337 981444
815413 287373
119527 93953
486302 964050
299166 536794
388577 146814
835213 743352
430033 896367
499507 719864
179704 770854
750911 463929
145886 177804
478212 415371
485807 147192
340207 24213
578743 941446
504043 606244
408550 698408
822080 536453
960419 37997
691050 217919
936462 316815
21376 45849
553389 593265
987031 419232
898646 927950
299402 247930
283304 300679
952353 879791
671289 395630
646674 941701
220706 797192
7562 601034
526147 976602
794284 678714
136207 163352
672739 662290
164344 773169
787496 54438
36164 467778
408237 269385
899760 232682
834138 940048
832021 624442
54076 426419
368902 714903
46808 565721
109452 825931
883874 978849
580399 67194
108835 987079
921230 728259
326822 271281
939612 329207
20232 826722
275308 935663
221876 501678
247509 417273
712959 391941
805496 328846
467708 730070
368590 475428
96485 277484
253859 900548
46531 293102
861433 240406
642810 483636
561727 796147
531926 972851
21396 467528
769326 878127
123581 993756
221288 739546
66012 939052
960567 138921
115912 530287
835290 875936
78557 18943
350664 864482
738468 153810
815896 958237
983377 444308
374447 714625
401714 544318
849703 85885
811769 225540
442798 333598
63466 161221
120218 182117
740853 461541
577744 562784
903513 744371
316510 64752
258570 962077
800940 752642
963968 429740
556569 248513
623880 522011
315688 276443
120388 55833
249940 424283
385173 766879
85096 327008
872561 688125
389302 752475
78852 921255
395441 796407
510785 57929
907341 347285
792879 524305
160900 814036
294707 577208
619058 851219
528983 427956
308832 454340
150550 714969
465044 411506
347289 935093
917907 460890
195472 351244
19243 761338
656590 83078
63804 477464
113491 761847
304582 264435
271828 705710
539030 728593
664870 858383
849428 173686
414403 214274
694324 677474
507613 8498
794229 879088
387835 840570
37364 158974
553423 523690
83476 367450
222547 131980
764880 718163
825266 695680
900132 873125
709885 314692
255118 668209
131555 267882
592434 699417
823785 672202
724810 936579
613632 748755
310585 654436
129813 164834
345302 671784
644876 271848
150413 529262
399675 916309
241397 937922
196504 856123
874696 174943
979698 63360
225048 485659
835097 125799
639052 560727
735801 187623
672832 429678
296725 417280
293069 93402
710278 910626
173180 433597
115390 251036
251420 773102
640780 312362
135546 23352
74145 272665
987766 176250
691900 753606
158535 88323
8951 75632
831789 107068
772485 817084
658614 158793
737551 975882
77357 788595
645170 100433
209099 200268
539492 3390
325524 752968
739811 613247
636351 597321
815038 609106
698807 882662
967030 98201
129914 735885
772908 881511
269068 139763
154283 232140
551860 505860
788667 693302
634593 938662
196051 565918
469139 350579
785121 531144
384718 277036
84171 461335
558393 149943
64886 633286
30487 189032
771122 404991
982988 590159
393801 244765
479834 347541
572984 269900
119876 545146
619683 115013
421457 953515
776540 234188
291838 567645
539090 598393
620364 99276
193510 597084
472741 102008
245058 954733
929478 760915
846232 975811
379747 165667
129548 719080
945367 577125
357854 631545
409154 299318
527425 152294
395433 508125
82450 797678
155504 938460
345317 397641
843886 891124
937213 625094
504545 652308
604643 408984
922357 909027
934259 876238
950072 849317
396404 351617
503082 413745
136833 425096
366796 11087
518609 743117
88734 852482
132152 933849
129691 829044
692683 538916
789523 59387
48383 462982
566911 592542
668105 109868
183532 202364
201016 903508
620102 394338
779610 917929
594670 537617
978516 390951
356578 839949
590882 990601
437141 4364
244858 305769
101239 904620
75634 473148
485112 47118
893748 564575
553013 240041
433442 363032
720300 555020
994738 721422
608562 803753
538479 464811
77755 329534
212490 96332
931009 570119
225114 344448
514051 801264
747300 891640
481378 62974
647325 326373
294752 488133
624332 827444
346394 794744
528762 863027
792192 387672
191980 334275
271803 810876
139775 826002
131485 465296
230930 248323
29754 749957
633349 7730
99337 725947
244484 818764
913176 773738
442960 680339
331690 574332
969052 120118
128309 894233
863325 660114
677725 258554
14805 982005
635417 384322
904908 795858
52570 113766
790080 274567
280000 821284
874379 524286
88800 199512
880015 651329
10218 547674
305260 6059
738332 689603
568699 23913
210568 946088
178160 385924
643668 819036
159619 586495
699058 942770
712656 953235
241641 569411
589226 353394
283702 739963
322813 815851
233725 491064
989897 869310
662188 122928
714282 212581
610005 975349
882579 664967
463866 512560
705619 319938
892068 797074
867179 98899
935799 4270
603523 925667
494404 846274
35186 180132
651889 515687
219601 625485
159668 412253
533970 183530
350446 289370
985167 150501
145822 924903
143382 37325
676468 245537
500488 849849
354808 634878
477440 587118
689523 822641
166269 407705
56706 769078
921198 757557
573364 789029
368978 443359
45768 804060
167176 537756
806557 321773
859623 722605
998345 693335
375667 346137
102203 5574
436676 484796
703388 870979
9604 328692
898643 263977
864823 767850
892523 36983
417684 843070
669871 787124
308695 331228
8260 856846
534299 785252
326114 266894
539401 515602
189742 30206
87639 220831
833636 547750
173104 825910
966672 40823
595064 384580
758771 554756
20619 664839
225067 909571
943044 930835
653549 690102
838249 432038
934549 864444
955354 401198
548729 2619
818218 872507
780956 223016
187800 163512
971689 964136
447578 963654
441008 183187
631035 560923
339677 329645
661965 580919
619322 968148
914890 320979
753271 637539
748210 411836
222556 422227
902449 538270
288939 130632
48162 248637
490523 912562
550524 481269
947969 9000
994300 230263
778589 431536
420866 762714
658387 473993
940167 34303
189497 358318
159912 999221
509369 950170
389879 427922
264609 348980
794033 346587
756287 896213
44091 449009
929120 872228
501326 624530
389592 362558
123869 895442
590410 497426
937051 797117
850101 173938
371030 640080
548557 773030
380451 776041
405130 337390
951291 474270
256203 791347
716372 382906
953028 474481
650349 472884
580925 103833
864758 650587
249092 9743
778897 853175
530827 142416
897548 321096
342008 610209
811984 16743
790767 785642
90712 440036
744025 674491
703052 909802
149466 292007
835332 253071
909479 564439
749273 182387
925476 185364
353657 131879
874448 240862
713542 570106
749530 658492
70333 830147
984929 123128
751972 862413
249136 773703
775867 878557
494838 516566
923692 627120
197700 37626
839628 360899
806383 395405
393188 644528
200135 82448