362612 160835
955140 498138
873641 219618
286502 813953
563747 49790
194684 595661
76840 584441
734650 447039
29628 829703
988674 409775
131762 395440
727430 415587
972770 616757
269532 795863
329065 239388
400222 304328
318817 691676
427645 355361
685665 192457
758599 714146
826158 765763
350204 469634
916673 902997
249051 601205
527331 462652
858091 237724
169663 659092
792201 101872
897734 658784
414523 578084
882411 743150
951177 814744
686456 201228
910036 378821
609319 888472
170587 668634
654620 951828
854825 37142
154698 571292
33943 103875
857951 682028
341119 408386
510257 27613
686396 649671
227755 924343
183844 100918
432013 626517
344096 651373
546545 634820
39643 254132
439117 155863
107691 210229
763722 93736
181379 478867
99093 918419
600446 731674
656411 957043
501007 457917
107587 166667
607361 703754
321023 851693
478210 307557
958929 269387
904206 822305
592788 505473
177688 460201
670429 548257
641992 801730
280596 950503
868921 339723
71396 379688
853083 985719
959987 727806
410824 870441
574195 67573
435618 534537
842093 895217
164604 913827
252483 801021
306493 585161
45361 845271
393527 484180
285909 232142
182644 551870
891592 82856
978896 567916
553634 479339
723496 348330
218770 513620
97545 134320
185208 792964
204533 533162
963340 27300
828320 885488
470648 215822
61092 651164
651696 32361
264502 970970
522840 453956
536812 963497
531412 930783
410122 32059
380388 601398
115017 649969
300640 599157
908473 728913
262074 485847
513146 113005
998492 225413
957587 341465
508981 985491
17851 18678
506000 160676
614631 798704
278552 545191
475973 667794
699852 326316
927713 402446
52415 596591
195748 559081
287994 353054
838901 104220
733576 66419
808184 868398
726215 732067
233909 765770
784447 235195
912222 251760
50463 290446
835636 526852
710998 845367
171682 827961
746758 927201
523792 99394
658474 799172
668578 719539
340110 462819
529238 23830
408579 73685
322103 337421
103190 134793
369987 556011
324122 403988
210786 282208
325412 890937
736303 562773
390733 552761
479961 907984
7377 137491
453014 3752
723290 182202
645021 637943
178124 579751
653435 690610
544382 586703
721495 491889
564252 647571
51558 607834
406393 888373
779309 778695
341468 248156
800916 515611
423594 248552
902394 280877
284628 947322
645876 871760
509702 524270
104020 807248
497857 204178
307232 273807
765695 42238
206160 545078
152911 329946
218319 774069
552764 75656
323811 513979
29590 894231
142782 124727
921955 969535
916857 561528
433287 206582
730851 562732
886331 459340
663517 351223
625029 384187
942776 487100
32178 390723
237021 148935
439355 701440
777095 971691
485669 992118
402700 617258
741984 31610
1145 545482
623361 663938
386871 918001
997084 56647
515986 634074
985296 399766
300304 695855
182954 610324
517398 243079
908365 215131
916571 754418
242460 347719
856189 693665
827274 728129
759738 258888
320721 569257
749546 277234
711586 944081
727 652769
286842 225021
624786 33065
728919 272137
882460 925089
684519 911872
127003 399857
670627 592883
456954 559925
769941 913086
157566 829494
88381 597215
166471 433656
710889 925454
869534 432369
85137 422475
647495 386613
419677 888330
160466 272281
713721 148595
60466 42925
959133 398240
507474 703820
263744 146111
575549 480779
310272 33685
630899 733114
683121 398653
840458 313721
262441 910362
332836 709991
96603 863929
752258 496682
285314 516279
181225 912723
471999 999035
913626 241691
461862 431132
93594 421099
901878 725606
275642 669142
402256 728501
643505 422892
736612 601728
512089 483962
193953 515405
379333 361276
857958 806907
839538 131591
560665 659623
658657 20762
778804 32664
980147 88634
509733 240666
482623 73740
259234 927962
656462 758264
181155 661489
779568 299967
300280 434118
949522 291657
652932 494232
817491 845207
493149 27241
686864 657028
677789 53813
602828 861872
950506 972945
213610 582974
173066 976590
904551 212584
487199 432299
610139 77364
893682 668353
618822 906058
197714 193962
204545 84696
929902 366998
394238 22035
679062 423050
476862 81101
942973 356851
329795 596042
695367 409830
386419 59756
272339 868432
817082 807321
884684 759537
944241 943572
849630 778366
488679 79414
164109 563695
930692 693223
715258 610362
33411 324930
922382 394319
267521 26625
622666 381706
791535 113667
689774 318032
702816 694305
501625 478464
238000 36249
496173 386309
681026 698592
294358 345802
425848 169704
379278 458466
68828 356540
197821 94535
5206 618590
645214 636554
18260 272726
902745 784231
102263 326146
20451 592518
70982 321430
357678 522075
424735 825333
40277 853850
716003 105760
791815 334634
309451 141851
14742 171093
265627 378278
513220 212562
365467 270832
59910 674785
459016 383726
226224 479006
71523 77630
399059 246674
768748 658856
484189 273088
643290 709835
815594 40817
375450 875644
533846 607409
778501 684900
579530 548587
277500 560479
347663 609101
283885 642967
543044 923924
402929 742900
820529 769267
532292 474451
649659 735939
525379 817392
527226 650199
691015 685020
560663 342819
466579 582816
784067 94509
159447 761431
321910 879948
489048 436947
596265 185924
109847 772933
515832 139308
424927 512775
503577 852713
588651 957218
774609 153235
803433 630381
315400 818186
161005 494447
593614 876063
486923 143935
905366 377681
257628 646369
599667 743627
929550 746676
519608 195931
851591 39396
68522 551791
404503 276517
750086 572098
241685 509506
656238 41047
859232 45117
55916 971638
364052 536588
680523 165881
543561 850974
13694 102240
845866 801189
64216 613361
809291 291767
847514 100175
651965 660881
453749 916035
4484 572820
598677 203835
761233 246168
807637 254914
226551 620464
673404 379904
545784 106954
957927 353926
972517 89345
406885 971621
584981 818382
110148 987452
87626 910623
571504 957661
390047 255942
828761 541604
745438 910882
157050 427437
198703 23022
643486 481038
860941 425253
48559 833241
703518 923076
12420 6485
494457 676034
494415 935656
923107 595789
506412 120914
594926 527084
783026 594267
135870 501324
412205 128138
555575 397660
420681 85606
566643 754277
695881 580518
413758 943935
867011 744439
267276 117275
309660 395782
331438 278084
873873 804074
441339 770896
814332 896636
7254 552616
53939 597357
725494 659475
573486 466144
551749 797420
68048 510519
91036 118392
62326 280281
541071 21146
654772 445688
841470 808346
86430 964432
284857 689259
460154 476654
889641 726196
278811 274485
388193 413246
72720 332750
315245 630039
943810 646206
156724 866993
501736 11858
808490 764111
785256 80414
526101 349560
157906 956380
920811 367570
56828 760687
753692 205667
448214 33334
824170 159684
572929 243377
576126 728715
358753 645648
808205 407722
274714 302562
830771 964928
245391 292802
373215 155612
505172 546998
503377 415667
299589 179429
456467 940539
146206 872768
906101 210158
369841 110771
354147 246623
975337 459121
104768 446624
854345 850441
669354 912973
394252 645411
938212 16477
172088 639642
702992 827778
759796 677259
856687 206368
146907 59384
932152 829505
39662 809464
920234 354604
117578 925854
384974 790733
237356 92914
459706 6094
435418 91701
253463 129060
661888 829669
985663 708026
535803 833975
27586 688654
411373 295598
871334 884272
713777 558279
884094 803485
674440 269790
711996 804328
595060 792018
401283 613321
619414 348767
956819 860989
506400 54831
400852 210281
918306 168287
518613 902866
107871 970460
782410 546198
946822 519243
593874 653743
973579 176950
963091 477967
798646 164370
956387 675086
288407 393705
742472 874022
735010 424172
995355 699290
425923 757761
442399 912558
815423 344228
831040 961011
507209 439645
958887 613449
783543 970382
147331 69112
547079 757121
921490 110421
301859 345724
255781 394229
268250 106617
530788 514604
730245 519611
277371 526142
438699 156167
16747 719769
197131 770473
210117 364138
977586 220691
191072 685356
754467 761128
34600 338402
965175 817897
679973 472441
866669 267033
373649 452105
966708 651270
170880 420788
946930 213304
885823 964602
200722 901980
188805 418921
783058 397853
618543 915273
600628 760643
38122 809615
664368 871447
689343 589073
61513 629542
412926 885667
337771 444534
612155 302926
723714 820830
34134 783035
263988 670643
88974 436308
855228 464710
378914 277778
709403 638285
915279 513808
323422 310030
181476 953400
58824 504142
650035 387171
789189 120336
81221 62961
882238 126960
464141 693376
992762 605951
276593 498274
450933 256749
237810 881919
676048 306160
944444 616723
130531 385450
211832 859722
329473 970304
990797 909659
813181 904648
541336 640832
220144 602370
245681 622556
832283 102381
708332 709821
724447 825044
598145 501276
899546 175379
481539 352306
969029 91946
477395 942334
318408 615911
102566 689226
598885 164232
68880 93363
250546 928417
530786 610215
749122 987041
605773 776466
486287 97757
922800 830456
848084 727085
902463 37296
389602 747629
839574 900353
842687 874982
7244 833321
38898 161094
841677 109809
719523 154134
82551 910556
37122 486420
473460 613336
906154 302596
400352 595585
426040 908792
635876 839503
876799 790475
538104 54690
955043 782752
174085 894029
243701 314081
991526 181328
807488 282599
953084 833202
260110 43363
529782 35634
165322 813583
116178 519594
631530 71475
980266 516529
356032 57569
364396 132493
187182 749182
48285 902499
312879 142224
972656 222369
920048 72932
871882 964181
313735 727535
770897 824965
860599 573844
387426 817031
852976 25920
97394 503604
536484 484505
58425 594011
726503 892515
158048 422820
841670 913684
572260 206332
945052 670901
743832 61267
25448 865099
592634 615713
440677 855534
429377 879882
213264 817627
843546 333154
353109 66239
550743 457291
51301 889593
298459 125520
548339 294155
724191 456507
179190 390009
60909 812802
874068 124242
989340 321092
936804 415867
271400 98325
494559 893832
711459 700776
550282 707822
774061 71356
528647 903390
792982 841155
966674 96299
906806 607793
580651 31365
421373 630996
443797 759840
400433 998633
836076 834216
250083 906125
4449 289231
183062 521482
738610 499007
206829 410872
482228 288891
708632 497241
854747 10874
623524 17966
625758 821421
852785 530329
161324 206408
482599 790509
305493 121472
955688 883032
789156 657920
947150 722122
243603 309956
808963 130211
541083 498564
303806 532143
545735 23310
550535 12438
30403 400481
738253 174058
704387 172512
378919 107389
414249 382062
19886 377869
777252 719741
894012 975573
697694 82759
392715 841161
487724 457648
472564 718029
766523 28806
568467 776369
788806 312257
229089 635353
809410 335560
508071 967342
74730 30148
928562 403341
781210 488979
725071 948447
440371 558461
641220 619083
460243 138064
112063 550286
784666 947966
493123 584626
360995 551188
379796 577941
213293 666152
518064 608884
92577 539055
85554 26134
945827 167307
172637 530467
478913 727036
801848 414059
33141 435635
573698 959419
26056 9736
474053 202113
786738 810721
878260 483528
577820 664084
846588 258055
383291 791113
846519 364651
907136 475867
643173 448424
978891 852962
96349 332161
746220 974155
409790 898197
373967 295712
305447 499839
218303 400023
210743 295852
295731 5041
185476 605355
863409 873550
181014 32063
913065 246699
722566 543884
992308 820201
673162 882090
214251 487550
978056 285863
184059 960470
256181 387845
404036 74377
474399 77980
890183 622338
143730 201494
806848 185913
59462 329206
877620 186608
949659 240476
300711 790685
610885 672224
70665 293018
296919 800398
86260 284915
761736 274975
179171 786670
861047 534269
128600 583206
721896 851797
569642 18782
204694 865625
711182 892841
79449 780507
537334 588802
379486 29107
217682 838045
647414 506722
307119 288346
89613 944333
219307 393379
696400 367700
901968 398477
498035 557446
925595 546919
565700 219930
85554 495236
388077 286745
67252 796736
901889 983877
529335 120937
958981 281374
788095 747016
551713 606395
67079 611565
521295 157677
525377 286385
201213 217695
291492 943696
490615 699247
435528 217086
228674 56314
859411 37434
350521 133102
633330 926662
563950 252409
533782 162664
426031 522931
645677 838228
966144 977743
651772 712755
515491 487439
221485 177148
637195 233055
448654 512976
246414 127809
700475 884181
921614 991439
124540 559885
2898 272134
524542 757869
436884 566847
606129 574675
929254 862914
357008 768157
997263 895398
899188 8779
702278 29105
262160 120672
633647 339473
983633 710813
594993 396412
387850 200459
276695 32959
821444 28741
302961 279592
362791 345986
437012 739844
119109 485271
253428 882618
294367 476117
1247 767042
796147 193554
314225 219877
75701 574658
285470 464223
860635 59333
776144 396814
946124 248484
793577 52838
332430 767568
629905 96537
836381 211572
213194 66916
465885 955489
947957 982973
750015 760251
953804 949204
685432 62513
637170 784380
248603 761132
336816 438991
835804 625589
390424 112959
165797 298280
65847 184000
280537 14578
742501 695751
279018 116917
588757 955694
938667 744903
21505 536714
2269 688681
267545 975309
759688 204052
965183 904714
343704 524642
150230 818350
447661 695859
994138 540654
724653 129809
660738 576336
272086 521541
638457 403238
875283 67456
328710 743566
280279 813949
18981 350214
325522 798899
2950 286525
707590 601562
126203 484484
302833 51293
263504 792785
333438 750493
396653 257641
833977 574442
95983 57390
976979 622414
689869 250791
994356 852262
666210 18578
885144 790986
589884 201543
4419 210665
328578 109185
593668 712009
279653 971133
763917 412853
163345 543156
317149 613706
704499 76350
133739 151125
289890 316833
567624 110718
962979 496111
31040 78331
869317 145540
347082 916183
643200 975552
84737 867853
579861 971777
942909 678404
91256 859513
402669 223177
353234 770953
847302 719817
387293 574085
890917 497392
608109 193534
689644 458540
536871 87439
749331 720684
153218 922539
898090 612764
480616 796417
768194 982826
177582 60476
919989 227454
966983 268837
