16 94
80 156
99 172
362 166
124 321
18 235
217 630
408 554
342 721
553 602
704 487
749 226
332 108
968 902
848 1107
1221 63
300 652
970 951
424 531
516 1199
1503 33
633 1271
863 2040
25 1856
1761 277
1010 2016
1016 1110
1793 2299
1217 2760
2800 2416
1219 872
2879 370
524 1000
2320 2299
2931 2587
497 1885
3172 2381
2956 3734
3220 1832
3341 3532
2608 750
3099 3375
3960 1191
2473 3928
2103 1625
2544 2921
3296 1874
2642 2771
4173 2562
821 1855
3848 117
3140 1219
3897 547
3504 69
5378 3797
5552 5237
398 4751
2764 3557
3893 4636
5837 4895
4912 4532
2767 4560
3305 5009
3082 3829
322 3703
5284 1821
5119 775
4040 6768
5473 6495
1588 2702
2843 4839
3538 6941
5441 2601
1049 586
5689 2085
480 4652
916 5399
7411 2672
5159 1893
6701 4832
6395 136
52 7765
462 43
3084 834
3790 5771
1935 4132
7162 3724
5872 3854
1177 3421
2839 2717
4157 7071
8368 3725
6069 6579
7796 2579
323 5448
6010 9017
8435 5513
5733 4996
1856 9369
3229 5545
7691 6015
5276 3152
10291 5948
4206 367
6820 6796
4683 6576
3366 2450
8852 2086
5280 2200
10664 8802
8647 10125
9418 1582
2738 2203
3529 5893
4171 2510
11589 8861
3424 864
565 7514
8463 8022
8632 534
3917 3814
1262 5583
2816 12013
6068 2095
1912 2784
8097 4311
8008 10666
12444 12497
3768 3972
7741 12990
3781 4029
2803 9657
545 2219
8522 9707
6340 1854
4593 1756
12719 2054
9290 4534
4018 1158
10829 9382
5393 11277
12692 3252
5242 1487
14349 4862
12758 4089
9403 1291
2418 2505
14499 10762
8023 320
12820 9114
9773 1112
2470 9744
8017 13959
15077 9335
9668 657
10868 6412
1633 6459
3664 8427
13397 7664
2488 6454
1552 16090
10496 10221
4847 7194
8334 8721
1866 12006
12435 13690
15817 1156
6033 3686
8666 6310
7372 3634
13418 8039
10197 1003
14449 5860
12829 5745
13775 3968
8150 12827
3609 16598
1799 555
13291 2033
13028 9308
17338 5062
16398 10306
1917 1330
7143 15434
4991 10414
6019 8209
8204 1016
2763 11452
4027 691
13348 402
18910 6550
12780 1918
8947 9678
3225 11789
2162 1952
19097 17699
17065 18394
18757 15533
16223 18999
18166 2814
11365 13785
14974 8268
1752 636
4272 5378
10878 14571
20331 4687
1520 7410
11004 14466
18588 20580
10055 20501
4031 2351
13200 4047
18996 8
2979 6318
4606 19097
15883 15970
9233 14908
20390 4184
18543 3861
14361 4372
17831 16192
14258 6803
9553 18914
21868 10992
7145 14174
20293 2728
11976 1844
17574 14971
17951 605
14041 1956
18701 5375
6878 12633
5283 17219
19168 21777
12079 11728
14749 11461
3571 2658
3215 7924
2123 15283
16715 868
16308 14507
19395 3684
19150 17920
2206 5200
3524 6846
6908 18976
11221 10637
19560 22755
17455 1527
19931 23385
4807 4631
19397 13777
14189 8112
19052 9063
16446 18519
5682 9553
5325 1428
18836 20927
8748 22242
17678 20123
12739 18237
8699 4311
24273 17210
465 22779
22089 4696
21563 20295
7178 15112
823 13318
10423 4327
23581 11568
24745 19862
14672 11621
14942 20708
26147 10389
20601 16177
13911 14939
10313 8361
20002 11338
23423 24966
14916 21611
20613 5631
20505 6991
24794 4779
12908 12016
5105 21540
6335 8649
23154 21506
870 18695
21065 4168
4883 26717
12944 27445
17808 12609
358 19009
19946 21380
7974 24213
12790 28887
16543 17546
21829 21936
22976 7336
28903 18581
16076 15589
23581 21581
12047 12502
14675 6563
12222 3657
29080 20817
5653 23687
10025 3510
11647 30570
1241 10072
5083 3830
12358 24377
29927 24638
28665 1703
11074 3219
17035 401
23408 24467
23981 9206
27821 855
6368 17594
6963 13699
9610 1767
1537 12035
1477 25083
4456 7969
30555 25490
32651 16164
17267 3077
15602 8383
32931 31827
4801 4817
15179 1460
9536 31811
617 19908
33017 20285
20501 21879
3335 9410
22197 33172
3096 17625
29006 4252
16394 2960
20941 5544
18476 13459
8620 8729
1341 10103
27355 3194
33571 7385
28405 15006
28295 30622
313 8511
13958 3465
30541 19692
20975 22337
21415 7170
21962 14021
23773 32855
18332 5266
4198 28707
14324 34669
35587 26017
27571 4641
32810 11394
3777 14966
12999 17571
2787 12964
2833 35144
12228 22273
11388 22654
8910 7702
27376 10423
21122 15848
31477 29754
32413 6026
2012 20389
26346 4999
21605 23769
16391 30866
13562 32420
23431 35960
19790 12870
32175 3023
1165 3803
7747 29052
31856 35456
16354 27131
18830 33727
3531 33706
23032 7095
26183 26596
30083 30829
6346 5539
15797 23788
34456 9258
17207 10839
1169 10997
31860 20644
14071 19024
19998 17717
17076 3805
14325 23281
11888 10854
37759 25718
21412 22043
13364 13894
33838 32199
38674 31483
14989 30070
9870 13745
2179 19377
10935 6848
11225 35794
21643 11747
15217 19092
33463 5344
16096 14987
16576 37783
38493 30387
14052 1704
32029 32416
39749 40166
33566 24623
4400 23154
34792 33469
40050 31623
1697 22284
7822 40321
17277 11416
22819 8346
26107 24282
33041 31202
30220 23669
39537 12912
40055 17688
17167 41883
7555 1216
17600 41120
27738 23599
10874 30781
39867 32923
9403 14916
33459 9776
37188 36787
29591 7807
2284 37797
28240 5125
10551 40059
22745 22887
18323 38899
16426 29489
29733 9181
28204 15332
32252 20093
9330 41977
33626 23148
44400 25080
16015 7010
7256 7003
34396 32898
28809 19080
43495 27048
38304 40497
5458 1800
18935 23780
4898 33860
22521 5830
5192 13576
40613 45644
3069 28394
28820 25094
41293 36671
44125 34908
16680 25180
29110 13376
1678 18470
43807 41324
18917 35662
20420 4526
18661 38554
36406 26858
31965 33478
35639 36157
42253 36803
45752 14073
7596 15423
23618 3688
10694 27143
28595 15225
29474 15656
12152 34351
46325 7658
16026 42793
22719 43497
7019 37479
24250 17776
26588 34567
10053 46978
27023 37257
7380 15626
14830 35427
15648 35447
1315 21193
10789 21361
41218 10815
13369 34569
45465 38293
22979 2143
23686 7097
47639 50156
4228 20941
42331 7667
2107 33635
8045 13281
2591 37576
21306 25520
44403 20905
38119 41069
7698 51059
50029 22815
48273 50897
34335 23438
39542 34213
43732 33079
11362 49570
40834 6341
23110 29816
26007 42216
6402 7003
46848 5792
12179 35705
41664 1481
3910 42782
27349 18407
10540 7229
52773 35113
23778 32859
19302 5719
31924 5933
24549 20837
12054 44334
42377 43964
43801 16335
51731 51802
17038 19079
16593 37516
28983 408
43996 33092
47989 15744
41250 48381
50724 41822
54445 37101
38333 34046
54771 27356
24830 20319
45792 13883
40252 31468
2598 28852
41802 31429
6253 32239
27107 3798
46906 54741
24805 18101
42233 53346
26396 7234
52726 24220
8356 12970
3720 35488
25967 39591
32195 55548
44361 35786
10782 6013
13453 51380
12616 29206
28308 10621
49997 17366
31970 3802
54906 15974
12555 56538
19119 40350
37872 46896
14969 41979
53717 44741
49218 54783
41131 38912
36730 49891
4449 19864
22055 4653
8943 16823
50658 56550
38043 27706
43067 40012
860 58872
1937 36414
9362 18608
35963 55385
11903 48484
20563 53920
17024 39332
58254 33254
47995 18136
896 58843
43099 34303
46295 1041
9325 35604
15942 11167
33010 32008
49530 25369
31179 6466
37134 34192
44373 47896
44776 25276
6979 57890
33947 14702
33321 12000
5107 38867
50435 45355
22461 12533
3057 6055
925 16733
19611 39866
20899 22072
55125 24028
61840 12556
7745 41473
31947 30718
44220 5723
58945 12951
52764 46091
8852 39737
52090 11411
9603 52177
3565 31864
12461 3273
41070 2286
16405 12180
6803 16555
20651 36228
25934 51942
19335 11078
266 9881
13595 39986
52555 46339
4936 53119
19381 22139
33807 9823
62949 8709
57999 40065
13124 8411
54137 33194
45096 18093
33973 7399
37947 12176
18178 15980
41317 11512
38858 14135
37344 27704
57520 42499
10395 10407
14969 55627
46897 55575
17849 45546
26835 62699
60562 30759
32010 28899
17304 4757
33691 8628
12555 42890
3503 60084
36469 7572
24695 65678
18706 16091
65234 15225
38941 51080
18383 11761
9106 40279
32987 33207
15776 58921
32005 6338
6031 44066
65788 66234
30223 56130
22862 65629
62419 4164
29613 50540
24735 53159
4369 840
3849 1054
49316 66941
36133 20998
39801 53439
57029 1787
46245 45656
17508 39401
12493 9038
15067 61232
45624 49589
24514 41785
58117 20532
32348 981
46323 24335
64140 63944
36426 10940
66997 6442
13681 19030
69991 65081
31320 40971
45268 44816
8427 6927
41768 7171
46864 24834
59803 57687
28074 12616
69423 66091
25999 62323
65071 40074
53857 22462
69217 56982
35102 51065
43175 66382
52946 15918
15462 43117
64988 9281
19932 62414
4007 46700
1937 21023
43385 43339
34461 58159
31706 20384
28001 41956
8606 59523
29181 65314
35885 28049
62047 25886
23714 63874
67067 38511
37691 60380
24028 42178
37261 59911
54344 19119
58862 44380
73541 9447
45070 49102
26157 35727
46337 8157
17834 57794
70579 27167
18459 3363
11115 66405
10000 21780
53378 16118
7891 17920
47798 14218
38450 57010
70128 54993
55328 70942
22224 19221
45588 20945
47374 46196
27223 40362
71952 41208
55955 4982
65874 18713
47497 28889
42869 31096
51020 66099
12114 68210
56418 10963
33879 16419
10924 15007
56863 49103
71348 36986
72975 53687
45282 7348
14982 61956
47861 43585
62564 70815
14766 73837
479 25114
47877 47400
9510 50997
70298 3375
306 50367
21689 34385
69586 53464
48743 28848
23266 442
59786 71341
75580 13319
10040 6013
69575 21401
20997 28290
73167 41314
28926 66598
45228 75955
76797 1789
4851 44246
30115 19408
38264 45703
59744 77501
70866 75338
15101 2483
47631 36238
61775 24110
31356 52367
4474 53882
66819 69870
62171 31037
29836 55397
44834 46215
68003 60682
78203 59405
5879 7717
49612 12195
44471 73908
28495 2388
52345 57747
46070 23328
35684 66597
21837 64640
68563 11063
13921 18933
24832 34392
7169 38219
44140 32703
29433 33342
22136 47935
6146 41515
28203 8309
18709 17525
50868 65855
12512 57265
45202 35934
53992 18485
71330 14080
11276 17444
59642 12249
81176 52926
18192 45344
63744 31931
49198 74377
43224 5034
68963 1121
37100 43418
8881 60860
75742 43149
73714 37706
12965 26567
80539 24756
3604 50220
61835 32031
78215 12529
63579 56342
26054 71970
17737 54349
83452 74335
52325 40727
69520 22040
75499 11519
73009 67632
45830 53202
76532 42795
80507 23596
20962 84997
20851 1617
40416 41137
21447 13482
36065 55926
40123 58270
73047 46560
34419 85451
36246 68095
10977 21565
2886 63128
85783 31594
19559 56312
79496 83490
55058 51654
51585 9719
33251 36787
86135 82918
5675 22834
77100 28292
911 33274
21461 51657
22233 57731
76107 26430
57426 19036
73494 23611
66763 10928
10157 1721
74791 76704
68862 11349
56357 22898
819 88207
19284 36554
86277 42610
8939 12576
73801 53849
23201 68762
88057 6586
72044 59964
81215 8569
72551 7009
21832 10613
47088 50288
66785 52579
16191 20346
6127 32399
86795 2945
77706 85278
48250 51634
53887 35188
17609 61940
37088 88861
71653 25745
17646 3296
36460 961
83565 20810
74921 34448
44222 16708
52135 91458
81086 71377
43355 82164
4975 60749
73461 55032
9378 52110
45265 55116
46050 80925
23255 21237
65986 88807
31533 11683
62903 78692
38795 67919
15201 53515
14566 49874
49675 13652
5531 75712
47628 77937
70276 72654
80885 81136
11438 6514
8297 53302
3030 13398
19579 20684
92187 25264
59343 17719
37298 91545
17311 1993
50215 74663
79159 84480
70137 17833
74883 67319
36745 9462
88956 47772
92115 30992
28559 38352
4506 77207
59106 77435
56605 30484
34970 64643
46699 91512
27361 41296
88008 37323
14988 9322
20986 33799
22953 90474
31 27535
43592 79527
36396 31299
89950 51663
58291 80460
18414 69196
70667 39571
3782 93923
94454 36451
81265 77352
24163 45025
87200 60470
63500 8739
74344 15837
22137 3096
81710 42020
44383 91953
20046 1478
78204 67248
91792 87494
29307 70558
28841 36625
48128 83322
27547 25882
8524 89063
53485 60386
45840 3984
51508 14939
10923 14103
88175 40959
75398 59236
97778 96780
5540 55576
14110 33495
43375 41101
