5250 6808
3659 74
1273 8931
879 7545
7710 7924
8166 4441
3043 4493
2504 7988
1730 2328
2613 8841
3170 4304
7158 7710
934 9561
279 3100
5336 1817
7827 9098
9268 3513
7634 3811
9150 980
8822 6580
673 1968
9337 1394
1746 5486
4092 5229
6358 195
1154 5002
7945 6709
1491 5669
2197 8125
904 9531
4667 7723
8025 8550
6854 7802
7409 978
4934 8229
8982 299
8014 8636
9815 3866
4537 9064
1670 9426
95 4116
6502 5630
4196 6518
405 106
4299 9452
1124 2189
6883 9506
1567 6753
338 6717
3145 4439
4898 1502
5829 3872
9359 1138
2398 3178
7905 2295
6232 1610
4176 9746
6299 3636
400 8143
413 7969
3558 261
8009 1595
5969 6396
4531 9114
963 1007
5366 7943
9853 2083
3822 768
4713 5696
9902 3672
4832 8591
3058 4739
9791 1617
680 5641
7007 7336
6099 7973
5320 9096
5224 3455
6761 2290
6127 8906
9507 6124
6771 5814
9095 5239
7845 6221
535 2367
5395 5227
8739 1364
9591 7845
5160 6551
4948 8624
7218 7386
5540 5273
2386 9248
4886 3497
2421 624
1969 8145
9916 5736
3535 1626
6012 6043
4153 4680
7296 5245
397 8819
1816 7693
34 2992
9398 2670
548 9554
1211 5826
212 9663
3378 3809
626 2762
1869 7336
2777 7996
7440 2768
9332 9875
6302 557
561 8873
8985 95
9790 3756
8016 1408
2770 194
3456 5681
7507 6856
3503 964
3109 6677
2332 3250
7639 7845
9998 809
4850 8652
5732 5204
8015 6532
6776 5420
181 2010
5224 7930
8261 4055
1546 6738
7526 7318
4257 4201
598 1565
7705 6649
5151 5551
1413 1977
2798 8555
8382 2505
7066 4749
7700 9379
5130 8210
5484 8554
4608 448
5323 774
5177 4306
7225 54
367 4631
445 5401
286 5371
3899 3017
1134 8156
6577 5558
8267 3179
1712 7358
615 7879
5738 4820
592 3134
8763 3721
6198 6634
8589 6032
4874 590
7305 8878
1201 9359
8961 7255
3948 4916
7731 5481
4547 9956
1239 7108
4927 1
4858 5036
115 1114
1361 9594
8419 8355
2586 5358
1016 3730
6103 6564
6644 918
2968 9420
5270 7748
3304 5396
9104 4474
4386 1749
3460 5659
3931 5407
5133 9825
9604 974
7921 6898
5232 3951
204 8481
4521 3901
1259 2534
8677 7004
3935 951
9880 8781
2575 1833
4543 3550
2772 6250
5880 6311
9971 984
2724 2041
2972 3651
319 3230
300 7747
5622 7231
125 777
6959 8245
6772 7697
1561 9065
8752 6599
4504 9941
2802 9552
5081 7206
9275 419
414 9650
9026 3321
1784 2013
4118 4789
1551 4009
9196 5325
4512 1258
8667 5691
594 2411
9566 554
8743 961
4353 1404
6142 7308
3201 4911
3128 2800
7788 172
1626 4415
9518 6642
1843 5349
5975 4316
1374 1446
9912 2221
5055 9240
6930 1306
4190 2254
4357 5167
9861 9305
5593 5899
6117 1721
8868 1581
6940 9353
4902 8699
6617 812
8672 6892
6672 1729
7046 1662
241 3121
9454 7159
5351 9628
5564 3712
7534 9595
7828 1728
9532 8796
1517 7443
8516 5007
2602 6925
8662 7098
4325 7104
4937 109
7016 2282
3217 3711
5974 1906
2721 7782
1170 792
5828 7866
6729 9537
385 7126
9950 168
6047 477
8667 1577
521 7468
1992 7385
3259 5211
8745 8212
5719 9519
6826 1935
8690 768
3015 9819
2919 1826
3030 8029
6728 8035
3755 1241
8397 6541
3084 936
6866 8049
5253 7012
7877 3065
2676 7238
2711 246
8193 416
4748 4711
1300 3038
9716 8448
9580 1694
5165 7130
3502 3980
290 5526
4034 4959
5090 1801
5218 7671
1039 847
339 9544
3322 5937
6497 7720
3789 1248
5988 8360
5236 5036
5685 3913
3785 5990
2668 3735
2616 520
5977 7046
5826 6662
1632 2820
2699 2904
2640 6799
9504 4005
8766 680
4108 7392
4366 4925
4455 7122
7451 7107
833 1704
2142 1033
1978 1655
3901 2218
3466 7290
3623 4748
9318 9880
4049 1517
1030 2763
2709 9040
2658 5904
5753 762
8622 1467
6997 4558
6931 6956
5556 1495
9313 2222
1428 2294
7445 2233
2199 4792
4857 9153
4304 3571
2915 7440
6767 5800
1922 1836
2753 6044
9720 4087
8411 9151
4670 8624
9944 9606
2432 7312
9817 7993
6972 8700
1371 640
9892 5837
4834 2858
8178 3329
7684 4411
3490 5177
435 2092
6905 4712
4892 1027
523 791
6891 9365
6814 4885
7128 1442
5785 6180
9871 4538
2582 7562
5803 4166
7333 7733
9760 7855
2378 9848
9011 463
8151 3820
942 3378
6721 3837
6113 2300
9957 4760
6153 4391
5015 49
4919 9045
102 151
9822 1296
4502 5732
4962 8246
3511 6058
806 3929
2138 2174
9097 9670
7422 4504
8519 8676
6490 4301
2055 263
8644 8264
5251 4890
9416 6736
2495 1365
7759 964
5093 5653
6715 7317
8061 1421
3369 7451
1848 8742
4788 9197
8235 2502
572 3129
7876 7449
1872 7254
2294 9330
3472 3720
5765 8821
2631 1080
8081 4411
3343 6114
8383 8139
8829 6045
3576 8394
9001 981
5948 5597
6088 7371
2734 6544
262 2853
4401 6825
779 2381
3424 1858
7015 9499
1663 2846
6611 8510
9219 6850
5056 9291
8556 5744
6535 6386
7322 6276
1227 1152
4460 5252
6715 2784
7880 6438
4101 7699
4286 3138
8285 5879
4916 343
3068 5961
708 5141
729 3567
6364 563
2891 1970
2279 2624
5762 7314
4841 7011
6001 6979
4508 7395
6552 7657
3432 1787
740 4545
7585 8777
4109 4253
1455 5515
3029 5020
2371 6672
7948 6664
4544 4025
6009 6855
553 4982
8164 6289
1020 8360
5357 5380
8488 9462
3900 8354
4245 5789
2467 9881
5275 8284
8910 237
1835 8568
9685 7940
9550 9652
7468 9267
9590 111
7774 6328
9296 5582
7875 7937
8232 5436
3029 6973
9071 9799
6298 4588
2647 9090
8112 9091
7464 6613
3782 2113
9231 1952
3214 3322
1951 5129
8960 8601
9993 9755
3331 5195
3560 8633
7780 8778
3273 8633
9082 6384
2623 7154
7957 8522
5592 9819
197 6901
2705 4121
7130 3600
9176 7145
8417 871
7081 4600
4289 4619
8129 9453
7663 2801
9150 4841
6584 6386
660 4516
5960 4879
8383 8562
4055 8049
1382 9441
2029 8771
7545 252
7596 5870
2711 2470
5924 8173
6220 2126
1432 8851
7847 1244
6671 5870
4611 1395
1065 6393
9362 9525
3621 9520
1662 1563
9435 3726
2091 5950
6261 7323
9929 94
6382 5123
6469 6367
2723 1024
3518 6640
9365 8794
1957 9179
8342 6772
837 1356
9729 8490
4903 7121
9617 313
3947 3348
2673 2852
6524 5812
2606 1737
634 9608
1554 7867
7926 1413
9154 4041
1734 4258
8140 8296
1259 2252
4161 2695
9930 1139
4599 9876
5634 4293
3277 4563
647 3237
9465 3874
2193 7485
3843 4120
8860 9329
4146 263
7128 5717
8749 2173
4371 4001
1293 1399
8929 9546
2144 2301
3564 2193
4273 4784
4010 9802
4487 6222
5770 4514
5358 2532
9487 5820
9817 6857
9755 4255
2616 9815
2967 6538
8878 7298
7413 5761
8232 192
2464 4175
325 4878
7834 4785
9528 6751
7430 5000
2145 9610
2452 5365
1980 2813
2408 4135
7601 3584
8311 4260
5892 754
3226 9322
3930 5254
554 6097
4859 662
2964 7492
769 2921
6527 1688
5220 5473
8205 5642
8093 2952
1371 8446
1963 9475
5318 6177
8414 5827
2572 3345
1036 5980
7289 8130
979 9849
7724 5618
9509 7839
4927 8930
1807 9969
2256 5200
3277 9830
7897 3489
1865 2820
2417 1138
4492 319
8399 684
9749 1121
5652 9962
5978 1019
8662 9947
2229 1479
5236 5064
1309 1507
5680 8969
7324 4120
9393 9678
6979 8954
9296 1854
8476 8272
6963 205
8820 8033
4036 3532
2469 9469
235 2611
6779 7271
9046 6266
9076 3280
2688 5328
9038 5364
4535 5767
8676 3084
9556 6185
7400 4157
2094 3665
634 7887
8048 4925
1331 195
5666 6768
1683 6911
6315 6806
6242 9653
7592 3586
4761 7807
913 7961
3431 404
4201 1086
4468 8586
3989 485
5687 5201
5496 101
1103 8200
7184 4429
7137 3918
4490 7803
9726 6579
6723 790
606 596
8692 2320
7775 722
9863 8515
1284 5707
6420 4627
4331 3802
2376 7645
1463 3259
6737 3132
8309 721
6948 1025
8412 509
6001 9398
1897 8315
5646 4000
4963 2534
3755 540
4287 8822
11 6537
8174 4663
6636 4494
4572 4989
4822 6839
8414 4892
9958 561
8744 4093
2769 9776
416 414
9892 6637
4370 3348
4135 4833
5144 8929
907 880
5808 9055
5204 2538
7448 4422
1950 1035
7760 9417
8551 1939
2187 5184
9686 1097
7923 525
9182 364
3252 3013
5496 2203
3455 1537
6981 2209
831 8032
6715 2096
2137 3113
2010 9938
2920 5686
9611 4382
1610 9909
2868 9440
1267 6120
4521 5000
2578 4516
7143 9923
5882 3981
31 6886
2437 6326
3946 6995
3234 2603
3457 8481
6518 2835
8782 8882
2806 3459
4161 4993
6202 8652
3945 8543
7556 9636
7444 1873
7014 7323
4782 8442
9519 5780
1730 7161
9083 4956
3033 9365
9196 9314
2505 4329
7712 9856
1611 3882
2552 9905
6762 7617
5406 8865
5114 2123
8637 4944
2995 5119
3744 2189
4503 7640
5071 344
8213 6220
9933 3318
4098 7783
7074 7860
4820 5591
912 4011
4979 3016
6046 8543
563 8271
3984 3009
710 1100
8551 8214
4666 2952
1618 3503
5300 4954
7585 7917
7443 1870
1516 3504
7258 4330
265 3383
5155 9353
6028 2527
9260 8756
7387 2953
9130 7423
5550 3787
9199 1880
8604 8891
2444 4687
3586 8828
8588 199
4032 818
7462 3477
215 1564
6833 6384
5512 9723
2872 2792
4734 6143
8031 1554
8705 2381
8888 4916
6682 7111
8787 1559
4041 1434
1937 2660
6939 7563
4527 9755
9713 3527
8622 7596
342 1178
3055 9159
7198 6021
2452 4728
333 9463
805 2938
4406 6058
9944 908
6540 4259
3698 7344
2966 2282
5606 1458
8413 118
185 5625
300 1460
4741 2217
7847 6852
6894 2923
8050 8616
3650 1362
7797 7232
697 6124
5251 7445
2432 6239
5936 9360
7802 1266
2438 8388
5121 3949
3895 5425
7904 2776
6287 4990
4144 846
6333 7258
5579 3262
4203 7105
8221 7032
8631 4687
2368 8644
3845 5649
9750 7318
1274 126
5417 7864
5349 6681
958 980
2706 6815
3308 2190
4528 4906
3716 3615
8898 9309
7496 9450
9027 6030
4399 7867
6663 8986
8854 7519
6204 580
724 3384
3222 560
9035 1175
703 2676
3280 9437
4751 2916
8851 3014
2949 2493
2982 4084
3209 5848
179 2707
8268 2307
3911 4115
7359 4471
4947 8618
7657 2305
3638 9664
1735 9899
8509 8657
9114 3013
6725 6281
4614 9105
9963 2074
4378 2980
1148 8270
9754 5632
8740 5634
1195 2521
9425 7598
4959 6872
8949 3321
7402 8019
6393 518
3581 2614
7941 1357
3869 8595
2464 5671
5135 1650
9872 6426
5651 1892
11 1218
6526 2655
5495 3902
8035 6393
2547 4971
6122 6188
3590 1566
4866 2972
2111 1161
8110 776
3324 9695
8475 1535
5495 4415
6876 424
1358 3078
5223 5628
173 5575
4040 8840
4418 8184
3891 531
4897 2607
5896 2013
7517 1939
9685 5322
5579 9228
1973 4461
3636 3488
527 1582
2031 9195
9259 1296
2213 3420
2313 3444
6629 8707
3927 6594
2727 1227
2982 2734
9393 5297
9010 8062
6125 1378
4241 523
7816 1053
1293 5181
6053 7152
4678 4974
7627 418
6262 2466
850 2740
7720 5008
377 2431
3582 7826
8660 8328
1194 3498
4830 8226
1349 8823
880 2554
6228 9469
6432 7425
6407 4278
1273 501
3931 1602
9078 699
7295 4550
3653 7128
9578 60
8152 4671
7085 7225
5016 5021
4178 5220
6896 8696
5601 5665
5118 5119
1618 3724
9569 3755