1 10
100 200
201 210
900 1000
89383 30886
92777 36915
47793 38335
85386 60492
16649 41421
2362 90027
68690 20059
97763 13926
80540 83426
89172 55736
5211 95368
2567 56429
65782 21530
22862 65123
74067 3135
13929 79802
34022 23058
33069 98167
61393 18456
75011 78042
76229 77373
84421 44919
13784 98537
75198 94324
98315 64370
66413 3526
76091 68980
59956 41873
6862 99170
6996 97281
2305 20925
77084 36327
60336 26505
50846 21729
61313 25857
16124 53895
19582 545
98814 33367
15434 90364
44043 13750
71087 26808
17276 47178
95788 93584
5403 2651
92754 12399
99932 95060
49676 93368
47739 10012
36226 98586
48094 97539
40795 80570
51434 60378
97467 66601
10097 12902
73317 70492
26652 60756
97301 60280
24286 9441
53865 29689
28444 46619
58440 44729
58031 8117
38097 5771
34481 90675
20709 98927
4567 77856
79497 72353
54586 76965
55306 64683
6219 28624
51528 32871
5732 48829
9503 30019
58270 63368
59708 86715
26340 18149
47796 723
42618 2245
22846 93451
92921 43555
92379 97488
37764 88228
69841 92350
65193 41500
57034 87764
70124 24914
36987 75856
73743 46491
22227 48365
9859 81936
51432 52551
16437 99228
53275 75407
1474 76121
68858 94395
36029 61237
8235 73793
65818 94428
66143 31011
35928 39529
18776 22404
64443 55763
14613 54538
18606 36840
2904 44818
35128 70688
97369 67917
69917 66996
43324 87743
59470 12183
98490 95499
89772 6725
85644 55590
17505 68139
2954 69786
7669 38082
8542 88464
10197 39507
59355 28804
76348 78611
73622 27828
49299 87343
95746 35568
54340 55422
23311 13810
67605 21801
25661 73730
44878 11305
29320 78736
79444 48626
48522 3465
86708 73416
8282 13258
12924 67637
42062 5624
62600 32036
33452 11899
19379 45550
47468 90071
973 87131
3881 84930
8933 45894
58660 70163
57199 87981
48899 52996
52959 13773
72813 39668
87190 81095
52926 16466
65084 11340
22090 27684
43376 55542
55936 79107
17445 19756
69179 18418
6887 89412
3348 32172
51659 62009
2336 25210
66342 67587
78206 19301
97713 67372
75321 1255
64819 44599
17721 29904
55939 39811
73940 15667
11705 46228
11127 29150
65984 96658
63920 89224
2422 67269
21396 54081
45630 40084
79292 11972
7672 73850
47625 5385
41222 39299
6640 6042
83898 40713
52298 56190
80524 42590
88209 8581
88819 99336
37732 71155
95994 18004
60379 14769
85273 81776
68850 47255
21860 48142
75579 45884
21993 23205
67621 79567
62504 90613
1961 62754
31326 54259
18944 28202
13202 23506
36784 2021
22842 90868
89528 35189
8872 49908
49958 10498
48036 18808
57753 86248
83303 33333
32133 21648
72890 99754
17567 51746
90368 19529
14500 38046
73788 49797
66249 86990
73303 3033
5363 12497
10253 94892
47686 19125
61152 13996
45975 9188
49157 3729
95436 32460
53414 43921
70460 26304
60028 88027
78050 66748
7556 8902
4794 97697
58699 71043
1039 32002
90428 6403
44500 681
17647 8538
36159 95151
22535 82134
4339 71692
2215 16127
20504 55629
60049 90964
98285 36429
95343 76335
3177 2900
85238 7971
16949 60289
95367 17988
92292 85795
40743 53144
2829 58390
61682 55340
53541 569
53826 74232
72261 56042
90360 9117
28023 66761
81 26309
3190 95425
18996 6367
14677 4234
30690 31626
64524 26057
49614 73168
28205 90358
26312 47386
65100 4346
2726 34994
4916 56552
25578 93529
28946 32290
2647 56970
99051 19080
99631 18593
30857 18627
41312 61886
39214 88355
93512 20090
14412 59479
9610 58969
66189 52274
6355 47641
56620 25433
98987 77888
98338 24566
87770 27284
56856 90417
606 72260
25849 237
7205 73059
35217 48518
34945 90783
36873 28458
10873 67637
4289 20483
26607 70478
72757 49314
34471 45729
91100 33459
23618 89438
58025 11388
33074 31233
18157 33681
3493 60358
50270 10699
33417 1839
75569 68363
92622 28794
13173 19847
96431 17462
56682 39390
4292 45791
5057 55115
91521 96157
88574 31491
1947 62951
59231 35021
10537 93740
85054 14030
54098 35325
41081 87516
53516 33002
72231 46139
61796 85404
82338 74580
19218 39021
13970 39862
84812 35379
94977 92685
31536 99904
24176 33483
79207 99759
84857 89744
93499 69911
20127 63950
5236 77560
67818 75105
10563 40049
21244 88711
41805 19934
63291 77375
58955 93614
33589 43768
28993 44918
52805 76882
44822 76982
26717 24030
93093 11574
30126 86593
81486 50253
50543 3074
27814 34713
78179 38377
74762 15775
27088 32919
35710 6732
10294 11017
346 60235
71137 45691
5153 23943
22573 66328
925 49291
6710 94018
77217 36836
96963 75055
87090 63858
78130 14904
98571 72661
69633 89685
4789 13073
22604 56851
19805 49250
67868 36503
9485 39006
82195 14639
62949 21120
80967 80226
86763 87677
90596 63981
40865 87560
39036 27955
67770 33518
59211 66342
22532 45196
72379 27321
58270 94984
84172 94427
44234 52040
47283 70072
7398 45830
1063 70347
66950 82030
50573 53714
86059 57522
34047 26924
45082 89435
71232 29204
22954 30443
11898 45486
75640 84278
89159 50262
79262 89683
61041 39848
41723 8324
26272 49122
54154 27335
35821 37457
9365 2747
91171 11776
60269 25218
38701 21703
14653 9933
50907 53959
56728 62806
15797 48720
47084 21308
15334 42698
10991 76376
98898 52715
1052 25171
18189 71559
52506 54010
9016 78224
73109 16539
90000 33378
58109 45053
55081 89114
71338 5989
59426 28067
85147 75223
76787 32231
96532 92122
91281 23875
84850 90179
76590 2254
15350 11131
73813 67857
81494 99181
46081 54603
15720 52433
87982 90181
97487 59415
79296 68825
65404 38722
96892 50551
30297 90032
99134 43181
98506 90415
67057 99708
80595 59999
1962 12297
87483 75776
80154 68977
91309 42587
39932 23382
95021 44266
13563 8860
3682 9211
77685 69086
64285 90930
35990 94583
97314 51476
54116 95820
41892 37525
95528 38839
97525 97490
51136 1360
89618 47643
70337 80928
6582 26621
4310 17955
70888 34225
26815 74570
43437 20853
60008 7722
11783 12350
18657 9097
63827 89126
21269 22071
26651 33149
60910 40528
30639 28398
41888 36610
92393 28577
33890 98976
55199 54552
16931 26087
88777 60099
657 48566
80952 77017
72641 92735
89368 91298
18184 53195
96776 55805
75266 23428
88954 52528
80308 19593
97278 22197
72555 89672
50774 6445
5000 22325
60997 38283
48412 66127
98382 65421
14693 79334
42439 87334
88421 48159
94985 22957
1354 91761
78762 92972
31541 67716
61852 11850
3662 75482
50399 76217
65154 1173
99015 86506
39851 76364
24790 88263
42491 23172
70037 73537
18859 28828
60871 7280
76987 55856
46590 78341
63970 25352
87665 95511
93069 49517
7361 13083
41351 74112
89300 6506
91638 4667
9364 31489
81032 34154
36104 39875
73679 6141
13412 92538
34969 90636
16170 11956
62844 62760
6649 26814
4465 94314
22326 13886
60183 46039
26969 1535
20152 32621
24393 11790
37289 50109
59631 34673
84264 95735
74548 74295
1877 4313
66833 53198
94949 99355
65155 57793
78468 88156
960 82933
98823 23286
13171 75358
85677 40140
93245 22181
72761 33990
50323 10050
84100 9954
61075 68364
22042 35624
42659 23919
56289 25844
93469 51238
41551 74976
25383 20019
63133 26343
19304 61956
65981 32475
53666 68011
88967 46912
90192 61729
80902 56868
88131 65002
83174 49207
49718 5216
1183 92377
45487 57472
34573 38957
25062 76125
13933 66797
12496 93418
93141 48153
71726 75474
96980 25393
43485 85948
72305 50030
64029 69559
6898 52160
34562 6424
17719 84280
11641 18902
93010 73480
92726 27583
28789 34140
3708 42723
938 32557
52493 10431
80710 24220
85905 77690
49613 29391
63638 38270
79421 27667
7829 2671
96180 58743
9095 13899
43024 37088
49154 52386
10569 58232
79969 55710
92373 30
98433 9663
32587 67279
20094 29649
91499 22351
7339 57464
51742 87330
12086 47515
31349 19915
50186 43881
95011 75634
74133 54387
12722 23287
6773 39643
81519 86742
95354 90244
3124 10139
16259 52063
77418 36353
81712 85269
58705 5404
42733 26799
92734 54819
74315 40435
91087 40853
669 2450
16487 74802
56837 45562
98089 63610
85205 95960
66704 96911
2557 69829
23403 18816
21892 821
71522 3605
2443 46579
25361 61528
73378 34447
32700 64045
74882 23787
4899 75551
42589 21386
50353 99426
66948 64794
63036 68506
77107 46092
65417 79664
15921 88820
98480 54166
5994 86354
74123 8437
32933 99484
86317 6312
33931 19017
86709 25165
59156 91608
17069 1745
12995 67422
1171 96295
48569 80559
64801 25676
26652 46571
5340 58925
51743 20172
13091 74089
6527 3566
98878 55812
3050 85196
62124 53333
4213 65186
78499 63370
56794 95568
65115 86141
79342 82639
82437 44263
63198 63590
69939 6202
26513 91631
65128 78257
11804 94571
52346 34683
98138 51225
90495 17540
36421 68972
87226 40634
34158 65725
20356 90952
77645 85472
93446 73339
68111 75883
17603 47661
55825 87542
70216 82339
79174 35344
60596 7330
46267 29294
42013 60757
80519 48860
94650 33292
17832 81876
90279 51990
63953 10635
59295 41598
96107 52741
14937 80570
44976 32540
44584 801
20083 14800
99492 15609
66496 76440
22939 12763
5735 81304
89873 2606
30164 84523
52251 64349
82751 42530
16339 46704
53165 91986
88302 65625
61079 19591
62547 22407
68484 7131
39561 4919
21931 39053
20528 88427
15494 59819
17543 37581
41123 23768
40187 87639
24643 92438
51988 7394
51320 84680
54098 4486
93018 58752
86463 54098
94695 49010
76505 63179
56142 16066
68098 94425
71472 4978
82853 86966
64797 16748
24547 22272
40516 81086
9912 65159
89877 61900
72553 41197
62932 43003
62035 55951
18107 48498
10049 29154
13861 2906
92334 70003
35325 76784
64428 6797
81763 63633
10115 46560
80381 51014
85185 20897
32100 95097
2408 38329
73349 91313
95879 52634
34316 57914
8585 68775
22765 34986
97930 36626
37892 6616
6629 89569
99752 87409
96366 81515
67395 22833
44428 47776
73847 29613
85026 22300
41062 3786
60629 30763
95100 56508
83397 29416
30775 91982
14544 53540
43320 28826
6518 97565
51794 29499
87134 51546
16908 99853
33062 84303
22686 93842
48432 96534
39807 49810
18834 80869
53596 95815
27984 48696
52324 11382
94465 99451
19716 25361
69343 63037
54187 75861
60602 5981
5360 64088
73879 38620
63941 23293
22924 86628
17135 87708
83162 56942
53870 1996
54163 7466
97811 98500
72515 66487
26234 83332
82290 45950
8693 51633
25339 62880
27494 2293
85213 32854
66382 75444
71475 30323
98738 10751
16951 15873
14811 16465
89168 68681
34813 59683
92499 48977
74535 65014
15464 769
48346 14107
63072 73391
65740 88411
52623 9587
7057 37836
58793 73439
13281 46620
20114 28371
57371 53418
60596 88534
69883 49764
73567 4697
25800 66067
53674 335
47433 85490
17457 12132
15949 80529
85523 81690
85292 38147
7629 92349
92335 66422
82140 21968
13043 2255
50339 86766
72025 10936
91653 58260
77052 65220
62957 19204
31287 32983
19540 78721
34826 36997
7205 67127
33878 92728
65169 19170
47227 72798
11520 39563
39221 93660
77883 68616
12267 28223
55382 84292
55511 47035
42553 32563
28608 21862
51768 59895
71198 87660
54968 22376
41009 62173
89503 74887
71254 54673
94057 18481
43823 21929
74396 83044
31942 52280
68012 44209
96855 39747
44854 52366
3134 3759
1281 31742
41973 69401
91638 13171
73413 62958
51899 14422
41484 57755
5661 29090
28780 16071
63923 72603
38000 38320
72000 69942
6952 40012
30504 3807
79759 75358
72525 82894
79117 90158
14636 21090
59560 22626
50614 32973
1937 18865
63748 43421
76620 69409
88863 5400
1832 52786
78004 39833
7458 66356
26127 14410
6368 56631
34569 86128
48341 23446
85374 27458
13605 10
64901 73165
38989 31867
22490 40926
50732 86238
699 43705
72000 89562
65457 73832
42348 43461
30017 49807
26169 72497
80569 32538
29128 15139
35018 77470
38585 20392
21280 68542
36754 2533
41707 75743
34400 80550
33021 1485
66788 33720
45190 55140
39634 10647
45325 81983
70461 91694
48142 96630
64191 45063
45520 93320
76554 80538
87142 31492
930 8422
34 37685
27308 58094
29780 61708
38644 62802
79545 21784
96522 41087
76925 36157
51735 38602
34492 38548
30296 98986
51530 10840
44049 97051
20512 36956
77589 7654
68448 94872
32428 68482
32557 76088
26576 62337
37797 65220
25139 33694
87005 38014
74782 80282
90523 42869
35236 25015
81417 81884
40353 49299
92724 754
46350 13236
37710 40292
37242 6158
35164 86023
74641 67721
62111 17569
46410 16260
82790 87902
49955 86147
25916 41089
82781 16439
83958 18017
57806 65375
99901 14511
14674 8978