26585 81099
85904 99869
9323 9675
8432 68570
65212 90671
65218 86394
18834 55800
5347 18393
32956 38949
69090 94334
73890 75345
39972 88104
53771 56673
18984 87990
17155 62229
95777 98408
77001 90519
4454 15188
55455 71860
69315 76201
81346 97660
80781 96196
97909 99721
94596 97531
18209 38710
93879 95922
89780 91422
68341 88649
92967 97038
66833 84695
74147 84132
72674 90188
437 41788
61801 79741
27131 76342
99887 99957
39751 93541
30418 91261
51288 74165
86843 99158
9414 89296
96453 99868
97753 98657
91140 96540
90312 95323
65573 91716
70800 81183
24471 79157
52372 62481
46617 47495
56900 92690
91545 94223
91812 99278
82966 90186
5228 89110
76850 86788
64399 65346
86822 87552
73744 93505
20855 24399
86653 95514
72649 97773
15909 22382
11120 18576
32339 74714
99395 99919
82899 91131
73902 96214
49011 98716
32410 61939
83179 83343
12491 93089
85182 96905
38862 69050
34305 85410
40861 73708
31358 48163
88207 98325
3720 55195
20388 34038
34121 43873
39891 61616
83172 99423
63963 79815
87784 93837
7821 77500
71703 86016
78407 84015
41728 58680
85751 87131
33959 61530
3962 37018
35511 80439
34551 39139
41200 92681
22960 93404
93262 95197
33375 41275
19329 87570
55500 84414
66209 72169
91133 97870
6879 93262
20707 30525
19663 67045
49336 64539
40412 94005
30968 81901
31135 61282
87062 94080
97095 97949
93948 96713
73098 75360
25060 76638
51604 54693
1750 67249
86294 95008
48830 72018
76406 90440
46073 58429
96471 97296
78353 96897
49644 52372
47172 51316
66211 86387
56828 79885
38793 44630
20344 96555
90816 99221
49444 53923
1571 18325
22608 25613
91205 98177
54297 89910
50917 97996
19625 48057
97744 99856
42250 93098
35651 97049
17305 94195
47942 63208
95682 98592
73064 90902
14535 21885
35938 57091
48262 67637
96203 98907
38354 78310
75408 75456
25166 73537
28037 42770
55407 85464
93925 94166
16580 74044
71614 77722
62161 75028
12054 73253
91592 96264
47424 66765
96318 99547
10297 34586
16411 77419
40738 55336
15063 68849
10203 98143
57813 87154
6313 52802
27675 82305
57424 86660
27444 76153
54854 79665
96543 98091
40828 64659
20204 67086
68536 94117
40213 47235
62052 63636
11884 59652
8427 70765
96970 98080
21345 22630
80181 96627
22405 81790
78974 82633
90432 91944
37506 60042
94320 98941
29489 57963
81054 85609
50670 69693
18295 83333
72973 78466
4821 43441
73100 85129
88484 98264
50624 53541
32907 85608
81365 92661
37084 94141
20445 45991
27646 82573
48105 98146
29350 90068
71576 88331
22201 97322
31028 79810
48382 93861
11912 89219
91237 98002
55100 90130
23886 98887
33454 34487
7862 67542
53784 57609
25361 59688
67487 73361
98514 98799
75360 78727
16426 63429
76846 97738
79377 99941
88407 98509
61968 87943
59971 66795
88499 95635
60529 75941
14882 24153
54702 64163
64960 78377
13683 49440
74672 74807
84125 94937
10348 95714
76268 93485
58112 58788
44924 69044
46502 97751
88528 90454
28308 74261
10562 77808
63487 85618
68093 78230
73010 98399
94213 98019
47445 55883
89356 91462
23859 48372
44721 86350
58425 67590
88689 93645
34647 80116
74039 94194
8299 38043
62832 73213
81985 97892
14537 57738
35489 58529
13710 62202
82559 82876
72415 76465
41518 48031
72388 90354
49644 93589
22711 58973
18986 25435
21091 63547
79977 91871
40090 60206
19469 93476
93711 99921
84377 88769
99438 99892
45030 86135
50300 80775
31493 66580
94700 96274
1264 12942
40702 61668
28174 68684
63299 91345
11564 91806
21251 46701
22877 28554
84230 88011
28999 78669
11769 14883
9053 36217
40383 69629
70397 94895
40728 60619
85968 93266
8202 70062
7876 8850
559 52066
37822 75851
70749 91835
6489 79334
6021 36257
4123 63699
33184 66027
65471 74614
91746 95874
44741 70824
41475 56323
73274 85983
41705 43511
79110 89646
32902 79476
94615 99166
73361 84163
83076 93141
85440 99386
45715 60483
34618 44366
87 66645
4002 34984
6341 81208
20713 41926
44796 53388
52675 85499
38721 61057
59919 84464
78910 81186
15195 47248
13555 32292
47739 93348
2536 67123
46198 81609
72156 88499
19431 69072
44474 60429
68952 99143
56520 70914
58764 97984
88452 90694
65670 89073
67055 93535
24487 55820
65605 94442
76630 81707
30272 62319
91570 94158
80347 97133
19651 66338
14959 32155
78055 85969
24232 31170
19857 89885
31919 84042
12266 61838
4173 39575
33967 53160
5280 26643
80343 88490
22522 66544
98115 99561
5146 69192
54318 66769
36994 72204
53160 64071
83444 85878
44574 97288
12383 88962
98417 99766
9149 34426
4714 12590
57332 71785
7570 13669
15838 42662
32745 55739
26436 71665
72012 86217
89383 96426
75999 90714
97697 98079
1136 63396
41156 89645
55080 62195
82483 90622
36205 58277
15188 68004
72208 84822
46779 83469
21727 80345
38160 89065
69123 69295
75352 81596
97757 99002
73392 74453
4262 53844
75336 80276
92180 97636
48293 77911
40473 72217
61628 86200
14468 73100
79622 84716
93044 93418
14032 94485
1953 94489
62607 85045
7093 30489
45475 46731
41059 54450
76958 92333
97273 97584
74767 86673
18058 59325
76898 88394
21568 78513
50388 96774
95915 99750
87929 98848
13702 70091
26595 84280
98445 99611
58597 69189
52620 80236
72229 79586
29535 70522
51741 56728
60706 73685
40005 65298
14940 25587
35079 71706
44943 79160
45226 54179
80752 85078
40923 49099
72620 74363
77101 77544
81450 84299
91017 96882
69281 91927
88887 97385
59491 97770
91243 91475
90381 92012
69173 79347
21809 70844
35020 64672
90078 94581
83088 94146
30316 65109
49142 94728
48505 95254
24586 26921
18354 91398
60640 82989
83902 91102
98607 99837
32366 92422
87839 91042
20950 84827
19351 40645
5562 45725
36765 77551
24673 71998
4214 91590
91072 94650
77281 93710
84907 90482
66191 99406
38246 56042
1336 74735
11330 33925
87287 96288
61849 78499
89811 92410
18537 99243
79605 83402
1549 91654
3863 71821
96570 96911
7455 34894
2117 89664
53530 83096
34999 88114
15756 66917
58005 99019
49139 94079
21404 84068
83375 86798
31043 76461
79449 94610
83580 98502
60094 96984
36708 37974
37926 82046
32013 51069
88534 94463
98723 99501
49461 95239
82020 89457
71067 79348
13531 85993
50096 79210
96351 97030
62607 76489
57602 58629
74326 96612
44589 60292
54010 63430
47017 62506
81387 92124
31471 75550
35379 73356
45851 95232
36613 60738
7700 71869
43830 50997
96740 97178
66484 91446
24809 49603
42879 69414
28438 67564
51144 56125
21039 95094
51270 83305
55181 92106
7418 82293
63980 98553
83687 95731
45048 59726
7590 66386
26757 27241
39527 48175
18332 73943
20572 30764
89120 99726
21772 45292
58155 70235
39586 96103
30157 78504
19446 71653
70391 70778
18161 24742
3444 21230
19899 28775
9345 82694
99627 99732
21259 49887
1841 37991
99907 99987
95598 98142
13402 63223
94427 98324
72851 85795
34264 88857
39439 85717
4523 19775
13109 24673
90570 97048
74429 79153
67495 77597
51036 62288
7599 88225
61827 86548
34678 79586
54776 66935
9779 47521
96958 99344
63016 73904
22197 26764
81460 93594
60252 99523
33947 63395
25782 32616
68444 71491
7823 23915
77523 90674
49102 80086
18685 77850
36253 77885
76517 93759
5341 63561
81511 96176
49955 99268
17611 25085
39837 73764
18775 93517
81702 87739
51555 78930
54057 57128
53509 98690
26121 28597
40408 70393
79717 86012
92205 95347
27309 49345
69661 99977
71348 78906
20282 63394
98376 99817
27263 68999
62996 99816
25849 87454
43378 66612
81929 83650
73402 94668
87230 98031
66191 95467
29409 60968
74331 89566
90322 94626
67531 99428
59041 61627
67540 94872
11836 63753
35272 41072
9604 93787
96288 99076
2513 91949
39979 70495
58747 71004
19647 56507
68311 97125
80612 85422
64036 78265
74001 78637
42902 50874
11392 67181
1566 37758
11586 44964
29422 74929
183 80256
91155 92558
9932 31278
79538 99868
61514 62725
83287 97447
60479 72454
13983 20529
75885 93200
9470 33875
15267 91205
57699 58612
81702 93869
74352 90525
85367 87359
85871 87235
12140 91607
72525 89994
17264 28045
50847 76551
69701 84205
99869 99891
90975 96799
88411 99251
28465 95761
93937 93975
31663 96348
58294 66473
43157 44794
5983 15074
92601 95932
61040 71396
90460 91006
36314 50740
40820 64539
25340 37434
97750 99105
68159 81545
9851 42631
35236 99368
71020 90749
35016 70966
57346 77513
82984 87614
16841 92200
51516 63180
82372 94085
33473 81653
74586 80858
14545 51823
66767 78885
42579 78423
87287 95322
2179 54519
82009 98774
62168 90123
18201 87332
27622 39154
89265 95211
83449 94335
50614 78967
48639 49570
18749 40793
56623 71797
38250 66773
51480 85714
44285 70676
51192 59672
64398 72573
92878 95112
60870 88207
49598 91059
9266 23634
4890 12709
12092 63992
8603 13251
91839 97863
36600 56311
5243 39272
82057 93461
61912 75336
62384 88871
86986 95060
13112 23730
49670 75211
19792 41045
52318 67609
22284 23232
4341 89723
87601 96138
74666 90502
8038 46731
23695 97262
55874 98468
2522 94148
76318 97503
79857 82534
16007 22763
38735 86502
68418 87500
91428 91880
56527 91520
69043 73942
32179 54824
51533 66853
36084 77628
36501 41875
49718 55968
88016 95753
4589 77772
28120 36894
52654 63027
30282 68656
38184 76016
66938 84959
7691 95517
48033 67836
36049 76370
47492 82056
30956 84467
71508 91932
12653 44987
93084 96144
33264 71831
72194 92200
12223 49771
36693 74089
81613 83316
79961 85183
33400 44328
36850 78855
4018 5570
67080 81207
80189 97110
80038 80737
67 79028
64080 80956
67815 72519
5972 68060
89425 95835
88720 94875
26258 32970
32053 43026
76398 81329
53578 82304
45736 78842
12780 46539
72408 80665
17103 53257
43039 88414
52294 65977
93532 95472
13589 72386
32973 89061
89009 92821
87280 96411
29377 29630
64811 72283
87771 92949
4787 9287
15812 72147
72507 82366
48737 71427
37746 82341
16181 62743
11359 94011
79641 90607
38345 40340
26448 84089
7584 92518
85804 99316
15573 95709
88930 93948
12488 28004
39550 40447
65469 75788
41056 81592
20531 71069
77737 91853
79411 91687
75790 91994
24437 50513
34644 75827
29780 51857
17537 76599
10896 35420
72960 75773
64008 70700
21286 95753
59497 87439
30165 94502
66907 68992
65581 68675
34423 55593
57159 62969
79323 94968
31617 64709
15958 72890
2605 51103
57135 81844
90449 96829
73946 96163
35500 94227
28878 88207
69080 91729
25176 48561
25863 87890
65673 87776
84663 90480
47009 72334
42308 52134
16563 46929
83684 93703
2412 85426
53101 90389
54128 55301
74867 74972
23289 85659
78345 79843
81708 89039
80192 99094
77481 85267
28849 90586
48630 77638
74527 98323
96054 98803
3136 67074
88718 95770
42205 95700
60368 88148
99510 99852
93888 99513
35491 72366
28952 72882
867 32562
76125 89133
87582 92655
91934 95175
4665 40419
63520 77765
51144 67559
6827 72144
25277 52522
4603 42367
63037 68086
3243 88460
46683 63056
65128 97129
78464 99357
31802 54477
75576 84328
17687 92348
93754 96243
51343 51962
84853 98360
6720 82772
23847 75119
17602 49877
58747 89620
54837 88271
80885 88390
77786 99402
84601 99620
82820 93377
8015 73861
14022 47581
41188 95727
65522 84117
38185 42885
82837 86487
24795 61965
31969 55543
45174 53309
41236 47974
31294 40274
42220 63149
97829 98486
33214 54747
69188 94229
91739 95912
94400 98974
41308 75969
47729 59040
62876 76183
40988 51261
64035 91220
45132 48795
9654 10789
64447 90795
59590 66208
74702 79250
58403 95394
83817 90339
13393 39133
23046 31644
13460 82027
41271 61426
41888 95148
25450 66831
19158 67929
90049 99324
54160 86582
31788 69513
46539 61076
58142 67655
44266 84858
89757 97092
88579 97471
84097 95523
42040 75800
28705 63525
56249 69037
42792 46460
22248 82086
96778 99939
27515 30382
40733 44238
22378 26374
26239 55628
87309 92851
34130 77866
89996 90542
29839 69940
22369 38291
20647 43407
10960 29140
90366 98180
33644 92397
18517 55981
29788 88213
30828 59109
8672 22513
94495 95758
96421 98682
70998 75820
49985 88125
57342 57464
38787 96225
37622 87179
37632 59720
18274 29176
22727 77874
6326 55053
35411 72314
73130 73940
95401 96291
26048 74957
14163 42235
50768 87762
68371 97996
5572 25850
44687 98163
12694 96657
3577 43852
90427 94008
38471 68965
47511 70848
32560 60762
85512 90790
78976 98881
32164 74146
5035 80621
83410 92155
96201 97574
42610 54011
93558 93784
46488 60072
10242 32888
33609 88962
75513 87064
45590 75404
29930 76708
66155 79542
44574 83248
94129 98400
