33735 3661
54211 2582
39129 7203
4550 6565
97460 3962
25586 6883
18278 3615
32982 2807
74577 8138
65887 6100
92912 3093
3386 4796
50279 1914
25358 9260
91947 2794
42639 7636
58923 9769
88193 1418
73562 4135
14154 8788
48858 8090
35633 7075
7271 3143
39929 5136
69725 415
31540 9422
53158 1590
8230 4239
37508 1247
85431 611
97527 5426
61076 8187
6572 4688
88996 8923
18851 1710
55266 4781
73947 2396
3931 7427
77404 5594
27621 6996
51200 1984
68345 8632
51327 3883
41199 5791
16693 1672
36181 9883
78610 57
92780 6270
46815 1844
20128 4445
95400 3547
36897 3380
69194 9862
36802 2404
68474 6732
8494 8919
42447 4561
29090 5748
29549 2537
96778 2734
63887 1867
15324 2007
75856 913
82347 4177
31350 1883
92329 6885
15900 2787
4989 9917
54139 1435
24925 8283
73748 1794
37479 9437
90940 614
36802 6648
15780 3268
95980 7345
84356 8267
66015 3035
23076 7854
41221 2794
11463 2135
83412 3062
55796 6153
34025 1835
20994 4079
91069 8509
48767 5200
90086 2041
97309 4355
93709 4103
7866 6623
26023 9948
50922 539
29650 8715
79971 549
58702 9723
86341 6350
50101 6420
44580 2354
24760 291
57235 1957
36056 2958
81775 313
71038 6417
11077 6732
85815 7350
16641 9631
36912 1346
88084 7585
42378 8828
1185 4681
32665 2730
7172 9587
33439 3860
85151 1489
42336 1577
17603 7171
44865 8208
85847 1890
40578 7655
2152 966
37494 3783
53293 5591
85787 1401
25526 3872
93498 6273
96081 8799
58044 9241
27896 7017
7142 329
73882 3515
29683 1009
36388 4444
41901 9017
38188 1150
42408 8800
68122 7491
61691 704
59412 5724
72763 6387
32004 4412
52982 4495
39304 2251
82185 4684
44437 4118
55999 7895
99689 4756
92134 3807
25612 5492
53583 8092
71938 7314
51170 4079
35536 6616
60156 2836
68712 3425
75494 2501
84018 2905
64659 2361
39353 9296
21750 2425
84368 7373
58845 7042
76511 3599
24622 5734
26062 5455
5628 3421
49740 9873
97670 5466
42268 8953
1036 6376
73085 3083
56975 2739
29333 6634
90276 7506
41593 7826
79189 3346
79387 6114
5364 9871
89393 6128
28317 5323
44222 2656
9415 257
38879 4624
53894 4515
34004 5323
99328 4095
56808 5277
23017 8976
23647 9125
17342 7953
23868 4390
49691 3516
8364 1352
99225 9857
41266 6221
67976 7618
45840 2317
1284 6059
2767 434
77527 4831
41803 656
89163 9805
477 8172
2026 6481
41990 2253
70676 6775
6421 9232
17020 4203
74134 8581
95040 5532
44152 8407
69666 5855
98904 2521
70920 8463
10351 1532
28845 5089
39189 1149
833 230
2160 11
41732 2810
45021 4230
69498 458
90906 2099
19692 5251
63437 4604
5307 1540
12949 8852
91905 197
40555 7912
73478 9601
10932 3361
69116 4703
63974 2711
60471 831
4756 1327
60940 6303
25720 5412
71877 3949
79100 3604
6047 4711
95333 6705
24832 6318
69053 7208
88120 6169
93404 5646
83635 3574
61489 9366
96791 8155
52306 7120
29057 8907
71390 4604
87415 7204
56267 1611
48361 7636
20722 9238
96136 4412
32627 1256
8771 5389
64805 3062
75227 9199
24030 2591
15138 7569
1180 6751
28724 4682
73934 2189
82321 6190
50658 4724
97943 2972
15307 6175
75672 9140
91886 574
26845 1782
16361 2773
98967 7638
50465 5843
93533 5339
14407 8560
84167 4246
80231 7759
21062 1216
24972 6115
44446 3308
6259 7566
9953 7036
51882 9700
43240 4320
773 6543
76785 1257
97917 7948
40400 2603
94725 4850
21811 1617
11978 8899
1719 3306
68710 9930
38944 7841
74722 6644
29945 4554
71078 6796
30024 8088
93278 1087
14381 6748
93130 958
36055 6536
57698 129
27683 1698
47748 984
3826 3508
90780 4877
11685 6896
85102 1877
25624 3936
53635 8086
72056 5467
65646 4227
17474 9300
75066 818
63834 6397
48498 1870
92261 7833
74252 4184
92611 5982
41395 9416
75308 2985
74863 7202
27142 6220
39347 5332
75104 7650
60739 4076
95790 8020
71872 8374
88482 7140
31410 6530
39139 4902
45457 6356
26797 3614
12687 9109
19877 2196
33861 311
38870 6388
40057 854
55725 1858
28393 8938
53261 3355
95863 7241
39120 1319
74928 6569
51643 2683
54746 4451
32957 7467
84890 8899
60100 7340
96224 76
22076 7366
87727 6025
88420 5577
10733 1293
79822 2583
48099 7628
4243 1487
11313 5571
55313 3562
23922 1634
2307 8190
3143 6650
24507 3920
45794 4256
59998 1398
80689 113
10172 7083
61605 9057
65162 6203
18559 4684
40318 7886
88470 9965
9127 962
6599 4732
48934 5856
11673 6690
30092 4289
26091 4281
86674 1946
17341 5807
60655 5218
44856 281
70426 6804
51547 4595
46748 2911
39907 5845
38672 6299
77941 1074
75130 3975
38827 3450
20034 3646
58810 5359
68844 3239
34204 6645
43989 8523
49022 9331
66635 3154
1960 8534
91497 6022
29700 1236
15182 713
44301 8461
80921 7427
14773 8126
78979 5139
96275 4016
13081 7302
45896 221
27061 5638
9356 5170
10744 7194
89626 8496
14726 331
25173 2621
92349 3574
98133 3336
12595 5181
37873 7481
70828 1529
61962 6822
26357 9482
71282 5730
25024 7614
37304 7471
77116 3200
38609 2517
112 4472
29829 8603
4532 9073
79795 5186
36811 4983
23553 7202
22945 5983
54340 4715
77662 2001
78312 5965
79972 3712
8892 5363
48906 9498
83934 6202
8597 5802
55871 9184
62448 3851
35506 8392
35880 4231
67510 9386
50823 830
89085 5270
74283 1122
53560 2169
71361 2575
63970 7496
1827 9176
9542 1497
92972 5068
35917 6706
54900 7432
76520 7129
92717 2598
64534 9162
67832 7347
93714 2119
55268 3630
74109 2105
68836 8171
53155 7493
14092 2952
9421 4618
2472 3623
71010 6695
86265 4250
50522 5978
87725 5453
17761 2642
1689 7085
57957 6550
82614 9575
65148 9534
70678 4795
36692 7695
31777 1614
408 5
53776 2799
7996 3624
33381 8993
19014 1793
12549 9079
57209 3318
82932 4191
33951 7185
39915 917
67474 8671
36568 6280
77895 276
21170 4569
22199 683
56982 7183
11819 6123
74019 1352
55492 166
4560 7194
28005 5323
25061 3784
23549 6651
52412 7360
35765 3016
36405 2401
22706 6921
1552 9449
82855 4523
75659 8524
43674 3362
53240 4194
83761 3485
11417 4567
13305 7335
79867 5686
77779 3161
93356 6799
90875 5292
83803 2933
6103 8413
20907 8597
81944 6794
93363 4480
76176 5369
22901 9737
86512 8487
1913 6634
23612 5421
14789 7873
9614 3727
44731 2680
69476 7903
14639 6674
59847 4510
95267 3201
34425 1458
11841 6821
61050 2291
72373 3023
85398 9632
32869 1987
33966 7039
69773 4012
50114 6817
2619 7289
18552 6019
4420 2149
10092 5761
4353 1797
49525 869
96234 1050
66063 9773
6061 8134
58409 1179
14826 1963
29613 6422
1006 1471
69768 2141
96810 2028
46902 1276
62416 3572
95659 583
1866 3169
56384 7651
71382 8474
37176 2196
48738 3058
68077 1521
65088 7467
25340 2068
41894 3048
6154 7965
15301 1296
99697 4054
90147 9229
89036 3313
35703 7300
91323 4206
69825 1648
59986 9689
52387 135
71588 9280
85664 5294
75496 1409
23312 7496
85381 1522
31965 409
38720 3467
37053 9898
17566 6861
25644 7141
84344 9030
73861 5231
36859 204
98812 6389
4632 7879
16284 3119
36303 6652
58520 8642
6930 8915
5232 5506
29849 3690
78114 628
66498 9954
4458 3313
6499 6919
88312 5558
24238 1934
79597 6776
92223 6343
57617 3078
48357 1265
78803 9943
31627 6044
62238 4930
76929 3386
99253 9532
11340 1967
26923 6091
27430 4264
17185 3001
17331 7720
73245 9429
32994 3596
6691 4324
15421 1792
80531 5301
70381 1979
67070 9025
61292 2582
7750 7313
59464 3946
77010 1018
66321 4950
11530 899
51648 128
78357 6711
84195 5571
90765 9958
24617 2038
74300 4630
28135 6846
88917 8902
6628 6585
30737 2963
52359 939
516 5796
97211 1815
65467 5936
33789 1587
2517 1008
12578 6525
81051 2190
31687 748
95613 5532
74518 9663
25067 6882
68465 9778
30444 4319
59103 5136
1247 8672
28816 1410
1420 783
82095 6612
48197 2419
86659 9929
65598 5973
73761 9253
5030 2051
21106 408
40481 525
18909 7979
14148 2652
90833 4707
1709 1298
8368 7874
32252 6893
54907 8764
30097 3526
30678 359
39555 4022
77464 5772
6330 1287
26034 3755
74347 6072
20985 5083
71822 3915
48882 7278
9340 5225
20281 2946
23114 4437
85421 8836
71805 989
95675 4672
97801 8252
77990 3699
33322 1389
9360 7729
5278 7850
87720 7523
23293 7363
98448 4360
60693 2955
99497 8508
36583 9995
84765 4422
29848 970
26537 7915
46517 5924
14533 6432
99046 2134
84434 2652
77069 2380
43455 9484
5596 6498
93303 5648
41456 6903
4042 7779
97901 5840
51798 233
38455 2361
87378 4465
15115 3973
23992 8057
30328 2886
73581 8448
83742 1400
46670 1110
20993 2232
27672 6592
42025 8723
30643 3112
59833 57
42812 4098
56873 8608
95246 9545
28995 324
40204 2423
38519 2412
92462 3635
7003 4088
85414 3669
71747 8118
86990 3861
57880 420
29231 5058
4056 9872
81136 5758
1579 4300
71545 8598
17053 4429
19427 9824
74076 4594
52575 2013
39536 7409
45759 302
68177 6989
33093 9522
98858 292
42886 893
39433 4037
90554 9861
26047 7471
44899 4358
2746 3380
84151 4869
42460 2796
33483 8930
57432 7990
50142 774
96009 1849
9376 604
3247 6681
79965 6524
1447 8165
40778 7634
30885 4093
52299 4446
9617 2145
32414 2772
34139 9045
37672 4883
18876 1921
98457 1411
50219 7748
79166 455
89624 2424
41476 9203
44936 5936
41988 5159
85358 191
751 1880
43875 5634
19959 8272
91233 845
75799 1084
60449 8388
1024 8004
97135 4671
87361 4791
84455 9841
76211 4484
16399 2434
87806 4789
70225 3543
86379 8950
18995 2371
90856 2196
58548 1720
28401 7088
7493 7254
73825 7298
80385 4980
11668 1818
11403 6908
39928 6354
66499 3487
41296 3792
36868 554
83428 6200
56957 9233
76425 1213
21354 5640
48904 5704
22030 5809
33614 8689
5583 2735
38320 9546
91502 345
20408 7564
18018 3690
46960 2936
56016 2277
74570 6080
5865 1301
33641 638
99584 5139
57072 8130
79910 5537
17349 6409
19780 8835
53346 1272
36980 4349
92568 4968
50493 9095
93184 9948
96745 8958
78431 4046
70532 8180
98196 7895
56467 6055
9026 4205
58575 1135
37621 8198
94269 5457
96595 203
23307 7377
18592 8216
92553 7172
3789 3696
74529 7107
53823 5214
3412 4027
41176 4342
8307 6642
78244 9337
98135 244
23457 8311
5437 5771
49803 8831
64129 2205
13284 6754
96310 1247
23037 7350
57376 2616
67620 3159
38062 9840
138 5495
1303 9431
65870 261
58416 7394
99083 2396
70887 2976
6108 7458
35999 2970
35656 1217
75976 5929
5133 3619
57050 3810
81453 166
56014 5772
75727 5599
28921 2754
6260 3162
11238 2868
34296 7072
98351 2696
99424 4737
9912 4590
54534 5473
91880 7841
25245 8671
28420 3433
2499 6160
33738 3597
40771 3755
82919 6869
71908 1453
99861 6334
22226 6060
74997 3335
43431 3593
80709 2121
31925 8895
797 1251
71058 2424
37644 2850
80673 1502
39914 9392
81209 9822
61690 3252
79988 3641
8831 5271
20246 6757
75639 4151
70488 849
19191 1236
22416 8293
19973 4887
799 8663
65324 7459
76470 3514
76960 3235
78982 1585
31598 7299
8355 4562
37023 6939
95444 7445
37705 550
63641 9243
93906 9313
92505 9116
81538 207
51752 2105
37571 3208
4753 7376
99512 1010
37830 7709
8087 7112
26753 3581
8868 6550
75701 7038
46700 1559
62358 1331
23291 438
63586 3876
16090 8288
43210 7009
90408 4923
88193 7207
74324 5888
74272 9740
11413 467
97492 4820
20262 4003
64549 4917
14304 2909
62531 3208
55126 7243
27023 1750
85287 5034
77475 9778
53860 1353
48127 2230
88543 4141
24593 5237
91979 5761
83424 8127
78454 5083
75990 8547
9280 9962
70343 4174
64854 6876
84226 8546
1680 6251
60787 4563
36099 8839
49874 250
2051 4191
95788 7244
59097 1737
39083 5109
27677 1857
54117 3502
18992 5342