16808	475532
651696	944643
110075	211743
27646	852336
779382	239717
565264	439281
486277	243117
808102	523641
283769	531746
379664	542756
545200	834644
818974	99156
131378	572065
493297	281683
352710	796841
901052	809463
614076	929369
725391	878338
582338	380774
238708	559606
512498	12783
902945	820954
126885	91902
426585	895991
640780	187295
36648	922179
617219	358535
516440	571848
789169	704124
511483	61034
729665	455750
729658	118710
799920	807914
541549	847603
310264	375092
261374	939806
29231	409976
625003	390812
741084	554644
341061	3324
725893	220364
75664	447980
548382	935547
31687	811962
321598	196207
782689	821781
800259	247985
408022	733383
937601	132145
355017	54037
852655	845902
784488	956211
111468	620586
154901	982468
723442	478975
623661	947838
960936	846088
854977	268107
98486	880856
829503	90693
400456	674147
441601	688898
716453	327493
121128	205046
471395	911644
799847	286766
842405	181316
531596	634654
186769	825029
974932	861717
249858	726883
315933	153376
633728	820668
555945	111893
437877	78056
498969	938162
649366	975748
584140	346575
112562	558159
950240	587851
236656	130530
46650	477207
935299	331031
897136	988149
714401	141416
725508	917296
941561	319087
607997	560375
437094	145450
810305	765925
598136	308189
197010	757540
400647	242848
414956	896837
141161	684269
29157	533055
337025	701671
163249	664527
48086	797370
455623	25924
576724	978803
880938	592446
89521	302437
114146	741138
122892	120287
490792	412430
976770	122778
731529	831748
535528	274895
824354	667
739238	402996
978990	2917
64300	998489
831308	690796
540985	458270
470732	302472
121263	919283
114723	641914
851870	828973
30872	223875
17574	304400
17860	269239
171748	233957
588822	863438
964603	603655
277846	887640
762469	941559
429337	55747
646669	497193
796972	199811
396942	638555
42213	530356
689570	996575
244514	588719
76912	992380
749362	839560
205038	134835
423051	961207
308317	339388
226458	925756
542393	301437
938966	484909
103029	350142
35042	7921
660669	848079
879988	725468
580675	266036
650949	264826
181245	46686
665800	756883
171549	928841
786068	281727
205522	661729
495858	570970
884519	194151
609793	842263
516747	697839
953886	659776
187665	222059
228921	322462
476566	796933
984720	621270
624011	49898
307301	977460
577144	239514
861145	55669
999721	638264
980380	862033
777854	69129
15710	294493
646923	209183
671059	676111
838655	843267
340990	986945
545726	775846
562224	251535
930456	602661
500473	968741
26797	343324
314893	722138
778344	106135
861506	788024
820592	64939
548320	247353
855925	425116
405964	720082
713503	424433
206004	164978
46927	674868
741075	286747
303103	961097
247498	909539
604318	135241
489545	620375
214251	826460
464215	482862
217941	618690
822206	425048
558924	281048
942669	483038
434378	175889
307665	254295
767467	916481
202736	670769
393514	83390
73671	903194
754348	191985
918220	710418
687382	185966
272331	850762
668353	77985
748678	667888
830023	791883
57213	320542
871434	765744
791014	193513
427329	317200
781583	559278
661488	40477
784131	520077
323250	903370
856247	625269
424085	81814
267415	319600
452012	825830
836995	438937
263598	762642
491320	811365
193053	229299
151944	255264
9054	258070
245436	414834
194292	344098
120738	159217
334665	32076
116886	620692
55362	902220
115603	516902
181623	212850
973026	741707
509505	247145
641369	557102
383315	355842
817172	204894
360077	661512
646972	7202
903163	867580
153206	98946
149848	27416
179907	496303
162136	717414
757374	849173
333131	327028
953259	77389
303223	621662
317427	301492
770667	686684
855674	535602
630869	209084
402794	307943
399744	920646
739100	351657
885957	480614
467929	643308
628055	170258
967544	34693
980908	46955
4354	517563
43862	963482
303036	776317
768893	882946
272599	481961
298776	716530
331069	617967
358998	322013
581964	791452
501312	418055
522877	569444
578626	261498
628247	342508
425389	334164
429226	269367
419744	686183
323657	667958
282204	660544
450342	74543
212392	103741
958202	334017
78535	8436
152296	933761
487112	409824
91849	203485
50118	847153
88721	617284
553432	379178
17375	233422
70874	483805
472189	729984
26271	455455
464760	702656
368545	949804
242023	261227
567262	196280
335975	553975
295965	110481
576461	115551
212863	165652
89199	536030
881277	521538
510480	241347
387786	605420
598674	536570
792372	943856
429977	427258
146803	765943
384411	186837
746914	684651
265855	424744
502346	974478
167715	666295
328804	367199
183825	273633
424387	74450
937961	93870
914346	911533
802443	749099
207480	904845
265161	314573
58236	114503
778312	129291
52814	532281
72616	933641
961703	282390
943658	754643
357432	173768
86726	4099
290696	460576
301876	564105
184247	122667
650572	52875
607170	504645
512758	376677
562553	110407
46532	8289
428510	268046
22549	645902
194318	430546
802880	232569
143733	478877
235001	403377
550464	446291
274634	465531
628704	713862
736124	627845
593406	981989
846154	123874
574775	289795
439677	168641
419446	45855
410888	351256
439320	924089
979094	140862
140096	788468
181515	502416
326867	681417
184005	95428
384629	518779
475921	218823
887191	523995
972979	71718
486393	228881
492490	466655
611923	501017
559673	708822
925424	118213
341452	909137
316771	187629
995136	331916
388650	32846
375060	547311
358670	367564
349500	459974
610795	973117
941100	980637
944546	298861
413497	902172
144879	827155
832545	398205
736616	221013
975179	537881
330397	695357
959168	515239
241156	350919
743193	820732
296617	645900
128908	155091
947806	705438
595903	352741
663827	782504
310899	439164
6229	448543
320526	279114
226168	277750
741098	533798
869392	360662
25792	246496
778344	471307
32091	52902
852559	869302
987540	485249
958841	768602
762192	958253
807796	64264
78949	893296
200405	6534
904387	189887
94493	272497
379335	688920
817496	642682
670151	563770
433981	973636
739128	726790
682601	143142
595250	690176
267464	864805
400090	249161
147890	700534
999314	863733
802051	110040
946564	7021
768961	268091
507188	953047
263089	490434
378913	555277
982892	372847
873647	373849
59777	567436
253574	262899
469455	727868
597779	710009
20112	776344
286666	518875
237825	608672
87775	878186
812975	922986
776955	695263
632804	317745
367810	339268
909083	915816
383948	95054
446715	919002
471832	165227
46587	64500
736975	811383
543876	322022
575	468341
242790	244000
713363	222846
917938	247552
127278	836203
577083	646984
208204	734842
189280	167982
761811	995138
555749	881359
409669	508273
75358	375653
277323	991952
596018	783830
466779	592529
757098	869163
685810	425451
918657	306638
115371	781320
988294	769429
509152	412014
256728	197385
420333	408596
309309	745179
987395	796100
370162	582691
739712	667064
301485	320324
900676	621875
849918	70103
171730	290673
709865	749013
1379	621387
488120	99191
627150	890676
608687	639023
246862	558926
568839	983978
321770	139665
876631	766549
369983	104443
31158	958826
967742	958614
873869	925778
553375	329753
705343	454495
655399	372481
230505	289381
950104	291788
656488	404669
50434	355002
859618	69651
120066	263521
86384	840533
238504	133599
399755	298026
610573	277428
367697	401617
875358	762833
735198	207730
528095	859554
141068	820343
206731	948356
874689	765772
280499	649351
554724	88596
746319	279586
487420	67169
926549	631184
116926	246984
918834	670447
729889	884521
49456	353062
218879	704090
341629	368776
406164	117873
874240	723788
509581	607008
553256	256474
300790	462868
111840	448677
726710	768455
841916	94876
27957	732456
109957	561184
439568	693847
681966	172437
305400	480979
7381	623338
138077	486598
260721	160292
385603	717823
227236	768372
172268	113457
967578	465020
610585	771065
361002	62563
357340	988706
752501	160994
770634	981339
467383	475256
911225	441277
633806	854878
32923	704668
726039	847095
192772	484308
30161	381093
588473	392371
941859	999919
815681	60478
635494	222499
590245	988564
42497	962957
294194	194200
252745	950175
921797	806004
795035	226455
815024	443988
193275	592610
785560	930309
629052	743978
56005	334121
500066	80883
801040	44902
205890	128356
293840	910561
345060	176126
262779	962227
590302	809678
612905	794117
653537	975162
315122	345940
70343	385324
248057	615162
625820	416040
433334	245644
346382	649757
547292	741428
364407	510740
551883	963119
166962	764435
647472	460712
626088	77671
581929	640259
754272	412593
816659	180628
496505	528322
307608	760814
46407	377545
201728	413889
156253	372520
33045	654072
125997	133849
795375	568112
615799	389577
901231	116381
379325	674187
966133	615933
236145	731656
531470	786704
829196	824272
543633	42109
183092	817910
456029	835275
657761	138651
384331	289296
459255	181630
450439	742258
997434	226483
526865	960317
223520	663350
486196	551678
469937	659249
961626	703062
507364	419437
449642	620472
890308	196417
831720	472812
825615	333118
561828	324280
704301	529008
103309	163796
93255	192711
581303	905971
181283	919277
992709	119816
690614	706065
312765	276568
381488	519539
933164	113780
226303	226595
973221	591309
180317	956423
305133	8381
350815	80077
380796	357275
152711	890126
710089	548596
141186	968606
128661	710885
485679	536181
611061	153220
654321	350662
68561	707944
506806	969478
144516	290179
676933	713993
227489	660752
376958	974849
803313	819800
926713	560783
44875	518857
963813	853907
759768	121347
245237	889645
401616	972195
338024	826858
107972	633002
58792	397633
580203	176327
974918	638329
897858	65129
519272	201823
711624	464999
101889	214986
49394	984653
231737	4887
955438	496385
381572	146707
330072	162245
806521	367313
794938	507373
689933	75670
458079	239999
21810	446850
861551	342577
843263	640535
422863	618954
898781	471680
576115	672710
336036	918509
724784	194673
897943	452984
425348	102747
104962	46872
762708	810347
162027	87554
381497	189337
21258	556427
279141	363527
535748	697090
594083	516430
281214	814116
560299	696264
976892	200019
615041	578556
314919	108071
376437	285683
507533	805824
965580	98615
252430	890913
344410	260144
891798	834663
331833	900853
817002	519926
223703	254604
655608	25340
830998	195671
240931	510971
40958	427711
134499	536379
604792	928493
952783	353961
120669	768938
82952	780168
635897	352557
582198	960502
472303	699999
260374	229829
173989	235164
474014	636033
63113	935257
303117	448502
608903	221961
633224	566911
913979	613816
630506	122671
216083	844544
885714	870996
900611	211941
899835	533845
997264	811615
76988	445399
974582	242937
461136	199259
204282	336598
827549	910791
756675	813128
147810	345323
453896	923314
629200	963624
294003	677572
199500	709324
434402	364220
175692	574164
850740	616418
709226	955996
50386	207911
323989	57694
947412	639077
380128	285255
885997	670065
548100	862251
865562	460262
731259	904861
820753	460393
435956	24442
621688	439343
404384	813754
100466	393357
178260	998362
950994	647051
433043	966491
5940	48857
585509	54849
953269	255743
519568	275128
71695	657165
337388	849996
703435	210340
429877	275741
49728	447143
336704	245626
346093	781326
853506	936260
230468	997225
48453	562231
904664	275505
531211	442607
838367	20687
643531	255739
4979	253225
616982	136781
19875	707952
913620	368050
824538	43472
75840	508115
713744	92203
109804	606332
533327	116593
380488	449766
4368	708107
268544	560102
245090	596982
741926	230958
279701	499767
416769	634046
570531	295215
301172	489461
471342	135540
173936	868881
132438	550808
907120	387480
331201	327561
134463	684809
506189	166826
431669	378911
222732	480414
864940	800180
839089	66918
412729	848943
112629	304864
863693	522776
618440	678139
951775	156028
234793	929736
228203	899453
582779	811556
370349	783631
606272	77545
865488	834187
660033	610744
23828	902196
447195	454562
201917	800757
294471	257599
217629	384162
223223	333724
183592	877521
490869	69356
487346	192294
862106	321538
243402	615048
797939	388920
894489	377071
139082	358421
252189	494454
717799	658150
327963	51224
489363	996949
598309	472970
59970	717116
822809	578908
719432	633193
565792	216006
815468	425861
544836	129125
937132	117147
992107	635875
658134	216426
314433	385858
158339	386284
158495	978665
885897	880414
939272	263025
207749	105960
498571	830464
71246	941450
609598	846880
247958	415787
361410	51310
987417	53130
73893	235180
796600	874722
613958	484246
180944	400008
370291	999359
456744	410308
489542	986517
461035	948429
679187	100328
72388	617552
115034	811575
831816	54124
422896	980060
424159	242450
90620	63913
544176	595769
814943	789772
173051	503945
84084	184395
226045	544416
234165	711612
443907	159669
806223	634511
986151	127370
428804	125074
224295	978117
951341	734182
450514	193320
349292	169525
154967	261096
98196	277263
780720	686082
253079	740980
293428	465465
950197	292941
807690	721843
327606	339059
553085	452046
679254	891079
838537	985934
94220	490315
629408	438995
322299	406977
514289	423968
691614	589632
990724	904034
536583	284270
523010	967163
177350	441903
893606	986460
981747	631790
342744	917016
864103	907344
396486	100085
26741	194413
457287	837732
833709	484486
413426	955732
871394	512888
40984	928547
270526	625092
33466	120549
636169	156390
442179	848432
674062	422249
826900	706518
487008	492293
200427	24049
169527	554697
352455	635346
83312	595405
502982	887357
832494	517830
506833	870970
840711	295737
26350	862408
443953	245209
113269	752584
440731	163621
251715	669721
933463	84015
865077	492782
369609	327210
528047	965721
431335	484064
844094	973964
195532	430950
618099	559896
722533	596344
151898	815176
701112	718336
455889	872649
957958	607222
96625	524847
932055	647730
412862	27272
624540	821576
25799	519553
454120	210975
839576	395092
210256	120529
514384	801584
659416	165970
699576	552906
334641	361385
469771	556738
339146	878197
175139	778270
581794	21356
633223	354978
532800	899840
416117	427649
379015	424319
101515	919900
155289	140099
607272	698355
507049	976796
6440	854631
238761	88146
927042	985933
595265	405778
314957	582409
44206	99644
540213	74716
305505	839777
604961	411367
141344	162220
342299	569507
299185	637637
122279	318621
546697	590199
453355	353948
831898	457483
