389188 745479
783673 948182
280587 702607
43169 125950
194942 997385
283622 400761
689505 719267
697354 125663
823269 396259
147201 216307
622817 748626
701059 357149
36068 487585
217118 436171
537421 644548
67433 503682
687192 120824
151678 631041
169093 242150
415516 544635
984651 856685
151324 608992
52571 12623
760316 641801
704632 79872
549752 265022
757127 602525
953662 172649
234905 872977
191177 672059
332270 245068
746053 82003
216359 514916
379852 507573
492732 435641
8849 956715
150609 510858
523292 906546
112796 219443
934486 147382
444940 165487
228411 243337
806441 594478
953202 64817
552617 598574
258123 687567
241010 805809
236852 631064
898463 790170
115585 462411
288959 480129
318969 863199
353122 275986
672496 939340
405997 320154
309436 99967
647008 364383
564941 344425
547802 38659
306090 730507
976836 688558
204080 902096
542423 555119
480089 915002
681209 637008
503308 893085
138316 9678
403246 459455
683551 908822
749127 904581
897770 836152
298047 205301
913898 606240
239138 315667
444767 942985
289493 721063
347830 392541
892743 989722
493102 321633
844284 821817
591218 220673
362060 896368
396228 785774
754377 212165
522762 791425
311775 774508
671649 332737
592980 511158
638787 472161
683493 368602
944621 264015
543032 566731
845277 436057
741066 396080
475130 916716
490142 159748
268247 301352
829492 883849
633222 288543
421282 424172
70919 823001
103288 711224
427393 750672
1395 427131
568185 618671
172683 501637
968145 106409
470173 999177
107971 106532
49389 688269
739475 410148
41424 345314
959822 671541
111108 195516
170076 519848
963586 892080
270924 441279
262115 856073
480795 964815
769443 457720
781979 984335
343399 514502
328774 715877
33107 631554
986357 982064
268690 313305
218188 31788
171035 564400
303709 309630
480661 252649
281582 12308
578917 884741
654619 85727
374186 200524
827680 374122
926946 439052
439498 480145
663538 461437
579996 189210
604722 353153
22629 231040
314440 673623
462701 986740
564719 829971
724001 383479
903955 622346
707034 540178
170413 882946
364120 435877
749814 693499
123682 91171
650033 999764
391108 498889
848712 542056
182443 178306
356157 438535
993776 170707
92249 368193
605489 561073
625685 79734
476571 936520
79641 759769
781355 645148
361125 997749
235183 484051
276471 984047
800940 789626
676648 470860
114062 51803
96146 989270
342289 503976
586681 481624
869645 704171
409647 703426
101699 87404
921224 297430
636079 9002
579809 992214
814462 875822
876535 94525
178893 692963
286648 755016
964399 980860
60681 863182
177830 925619
319887 513770
498957 620418
174415 5256
43627 529337
622262 299823
86864 79442
447185 37183
120406 188992
921541 581466
680302 719160
742485 647234
399958 159380
986780 300477
843680 529160
753443 94222
907230 453818
601054 137955
228900 933629
771670 649041
627370 294595
56733 42836
74974 806785
930050 644862
811965 385548
719820 586434
158541 228520
951348 905091
864912 222192
55650 257708
646286 897509
274432 880032
199768 434749
362712 508814
224351 319390
926314 259851
834716 168663
825086 416458
693241 855610
778958 325317
970368 951725
636683 397256
605034 196945
355228 27867
82355 304432
849439 858205
637648 190795
993215 84856
767767 250806
675934 493433
764905 855344
922164 372444
485468 667351
368436 522379
977998 830848
802119 247506
367485 379937
192535 144090
374717 179177
553658 45794
861060 199862
762450 606110
770373 169177
593514 188213
95820 813808
632679 52165
760842 15203
968295 770269
487459 584435
753929 234508
467032 10207
889394 152148
432291 141792
644480 171890
389349 632282
561899 444116
93235 516256
994477 905012
92829 180134
953583 243252
143904 286251
509300 294325
297639 128314
834002 436833
660041 241819
197988 976246
497088 51046
744550 914541
989255 978530
788855 730106
936577 945118
940620 94025
790493 998410
945843 806037
960685 572727
398451 173500
924389 847337
106789 413963
482780 427235
820593 133779
371978 603527
459814 671885
948883 887835
91711 380482
778947 666666
961930 172301
487795 625308
746445 256820
241639 232128
404770 343915
639902 477217
52030 107190
752481 700194
420364 765216
395267 69854
100626 284905
58214 712007
155638 309419
862219 454253
153583 20657
687750 79057
173523 370685
939505 911637
923675 2556
660191 466774
90221 153694
833684 801573
814136 54569
119515 158529
948598 191318
264489 695983
71872 396250
573967 538953
384221 603830
840990 755117
635513 372614
204717 828607
292908 863760
885474 310899
744591 624341
114242 960425
443388 467136
833545 347590
3259 305022
675291 602625
840201 430322
441640 880324
376685 777039
301689 726820
998456 962916
457824 865850
714804 974493
520466 253592
759396 670422
407068 296352
669702 131991
587964 821635
896868 538119
55135 768316
634324 456642
441759 715546
860866 907749
956763 44940
797007 563165
406992 852360
971754 126897
325647 753326
352979 946727
161012 16876
514902 461126
303958 22912
724023 868402
3649 856312
778111 161480
679468 952499
318369 662588
263178 574180
653312 644437
213969 251446
528495 583550
916393 740472
598618 965026
703871 256417
367705 112912
146767 522594
443180 249545
416403 162695
521542 549036
40887 38602
19592 445278
756352 272812
250967 378764
369234 705954
780004 342800
786623 894844
373649 500328
245382 933141
987970 384257
453893 369548
613705 521044
509939 336703
51758 157443
649127 169765
809865 119714
184883 240855
992314 450496
130403 173284
456737 224999
487090 396649
645589 164819
742861 159629
689779 618939
807071 724195
201574 399750
939785 324516
542133 607059
997774 46662
191954 427346
174998 925275
969511 787238
268144 256214
438195 116746
303014 159516
292394 81034
808262 196017
509148 112436
810721 922587
38186 691765
262787 850689
509361 69365
928046 872090
867351 491682
543246 973014
342005 140221
436630 233383
119072 992487
123247 354916
763074 79339
511835 237439
723280 222715
479660 746552
362400 774175
708738 704815
504048 407790
114952 387215
952898 141367
783837 210820
585299 693076
30044 987508
755699 301633
317578 434914
30185 836227
177887 392204
817471 165767
881594 281261
19809 685395
415336 25905
564655 776588
975647 179366
839400 34879
684279 998446
513517 462045
399924 214759
658346 185010
735725 689957
591152 304375
831966 104442
270383 385270
480670 325854
889938 589310
949910 197204
120827 523281
790444 372755
538041 982417
568508 53700
354919 518628
306051 573294
395873 384784
897183 51703
954677 519731
931422 721005
105524 519510
545846 418129
200680 13493
290415 717453
41132 358807
735706 848006
715559 205392
875489 315965
894579 977288
950756 370193
506532 492357
75232 946778
393439 283170
151181 300804
920459 391900
935315 492231
432975 124145
206592 438401
340963 584705
326231 434797
363669 310306
439329 277122
769804 274219
220765 182199
73441 150157
836079 70252
583655 796809
907674 925823
51463 585214
321482 193818
517971 693978
567819 743004
224074 814868
329931 581308
522336 218442
875573 404916
850670 504436
601769 664331
864474 774535
363323 527737
605287 926985
160230 331917
799015 793902
412143 913418
81692 273988
249575 875284
663123 256091
433967 374247
807863 530011
534332 283197
997352 103450
254968 700717
248056 538543
655187 320601
12858 590459
762145 273805
982086 851925
467269 106880
212557 115304
130019 564403
291212 228051
94633 919316
436082 154650
209202 607541
351451 407732
726507 978217
843497 176470
557805 638222
570278 481326
766249 685111
495480 964675
712447 638373
901453 517854
370644 234558
684632 727816
302999 38362
88792 772079
785673 830225
163180 599695
67237 681954
890619 387612
285867 930501
808476 329882
775265 168138
459297 918931
26873 408130
357323 370199
470484 175161
388511 646490
330453 844067
211125 52760
638306 106293
566266 618867
647759 318243
999113 283640
462854 423610
537873 377590
61032 733353
92273 952284
331110 758087
711292 454676
937271 765629
937355 22390
441119 414434
25581 991214
625107 33975
884626 711021
476433 893475
528805 654034
180714 491051
661251 827980
103477 34544
115118 524115
240851 48513
144664 105496
423635 911471
234775 279275
900592 655889
437239 404167
784280 831563
590843 314437
757281 653196
825944 641622
41411 401136
589320 5343
515252 105843
456441 88413
693784 764586
77706 362006
854767 340984
366188 761857
797452 224165
651246 359424
74781 683479
157337 947219
897033 564615
542826 875667
198739 514063
976200 859577
219219 168582
56912 614308
582185 41686
523288 874373
181007 118148
971557 732366
419278 717437
814277 740330
216515 362257
575412 781623
764078 543903
909651 25036
935346 864030
515859 758440
103492 894485
48045 80179
526482 130843
677868 492831
581213 47353
717869 147901
414935 899574
515930 289800
834011 95626
488878 512081
639269 511566
636455 17816
992132 908502
793847 769632
530046 472520
508309 54578
222365 920200
459091 731594
795132 484054
334650 674191
510079 977113
498604 835817
70895 88843
119959 860464
422171 285301
156154 690653
885945 397228
94627 968403
634837 814651
656910 698435
231030 771697
365718 184768
736612 244212
918825 742219
716164 54092
741637 400525
608226 408102
367193 322406
550492 429912
33486 465870
345971 697631
888960 140834
941492 756665
458511 655035
712790 824707
133203 22292
349978 232892
188116 799572
211032 403954
960670 26762
172354 383486
831277 430897
384527 891850
124386 103240
561123 122371
838240 795762
570880 715353
168866 318763
229988 901755
747199 37216
670644 360580
679600 152634
899576 473703
864249 735399
575077 908944
195587 689587
938073 528629
421555 116624
200106 245729
376917 22384
359469 36139
154697 158169
840743 106897
429590 721656
899574 394036
238221 25254
919844 201804
303769 557410
290874 272751
94525 727353
368334 701678
186147 346997
275934 90549
775250 432748
656513 229374
820992 40735
946604 640719
40141 926547
685471 209886
993182 614551
679221 8251
519426 707129
279718 885647
158207 32450
293401 362683
291450 671983
993256 313319
145695 221941
769903 846943
753369 943483
863749 379459
491928 609296
832126 643342
189977 779385
714641 474005
364941 309338
522081 310746
943254 896292
364160 474418
215095 483641
567329 412580
58265 711723
440229 308018
163683 128509
505675 802909
957700 448259
714554 275473
728828 672867
14605 36019
542113 455416
237366 16057
887048 958061
794600 117669
972586 571964
92317 209966
418207 423147
394359 417942
406999 267374
941667 693960
949376 595700
963779 639355
398606 978507
630657 457743
468633 486232
257802 634119
356132 93716
719721 328834
700965 710367
252056 548083
19525 611940
664807 966688
342196 657257
765910 144363
837537 970808
692117 285973
28002 664251
616779 83273
45572 912593
185132 907965
466495 663031
919808 142052
734016 450469
991888 175687
151556 619437
739850 117583
100276 957015
187885 975750
503401 661003
771520 566702
965618 445896
321688 372669
557888 190492
855553 192581
175491 395299
843390 516910
132864 130091
704856 984471
901970 507376
980320 853249
127888 236322
42557 69768
671589 780898
774803 782121
805633 572489
492498 775357
35339 793093
528049 32114
695611 384146
714737 456019
598603 892917
803791 620208
877123 75853
50133 241787
11839 464677
671005 540055
317949 437333
838827 635778
329299 796864
123406 225482
576362 78140
405155 351020
35482 925748
56658 574710
876452 771220
287696 19956
742604 764676
393003 626285
356579 599012
992499 369056
663392 461969
605315 802383
356417 488850
666978 706984
686828 518696
109312 782129
646060 834121
825966 229572
324574 833124
499424 143394
665194 904600
376633 865427
552698 313685
744440 691693
570437 198850
354301 507533
748013 408790
486904 285722
242089 289974
339452 927254
933285 811416
198797 713549
95158 331950
653023 164182
647611 363161
763645 325542
508461 729212
950606 733514
671523 284696
870944 699603
372599 949495
776826 22383
916618 881775
899239 165785
659107 97385
69120 521471
788934 131775
949812 705971
660601 612751
432255 856301
799420 349257
643037 462605
795001 549499
389522 766473
740279 96880
140993 544386
134502 110825
510704 736763
426868 606554
263609 592954
740884 964145
599032 396289
741884 897286
445284 71781
201086 841140
54063 39107
408061 860946
560023 24990
391630 892277
815112 822028
751594 220547
237799 412977
876181 579181
686552 13835
275828 488522
737317 311470
826314 202852
638548 891736
588174 449330
72140 372358
219918 151680
635018 586884
6075 338237
275639 524607
2558 483739
831132 939231
797773 5524
709821 800261
133021 608237
129225 470514
877664 161198
572398 855399
599852 378063
4412 991264
640232 460722
644933 728961
956211 365639
748398 878545
146226 318980
239329 705491
378293 357365
14545 274440
137138 909888
772088 70305
324894 830297
156371 772608
468985 707352
11988 710937
624099 737089
370873 726044
228506 769391
486104 186866
176664 863835
514359 928915
105663 250230
201505 396013
924998 534079
689184 194174
129972 540199
382276 461278
910641 354957
898910 987889
639199 334009
540539 681449
177009 630887
84495 125439
915338 388381
457402 323595
153220 229174
278761 114
759303 407306
169558 702879
539928 692827
9077 870547
510742 889593
92469 530395
453780 284153
692445 80273
749303 394979
506286 976587
905830 688399
2463 260936
787616 642321
133871 442583
267148 763867
290429 166750
159338 584728
352541 175363
128288 329125
430518 847645
76330 572989
701617 100871
618928 928799
15613 637630
364580 99608
713905 374956
931516 942971
9423 202480
266653 893453
408176 258522
907461 416768
434339 200812
768982 580469
85744 104285
916986 230897
986216 419396
348096 788022
25339 845966
326560 768802
501431 259201
769645 364146
298842 748518
206049 769728
356669 207955
341798 425303
169910 731571
129370 111861
825806 169505
590179 222127
529328 18366
957919 446535
533422 463650
903329 96783
146397 841636
270373 763871
101216 463587
743716 139498
834814 261425
357376 710113
824392 574077
615524 207214
589307 758444
793870 6779

