1 10
100 200
201 210
900 1000
26264 30755
52518 18001
55754 47286
89103 17634
97279 34727
66921 81623
6950 49703
1058 95989
56417 69752
94202 72541
15915 71690
69325 88709
97089 86639
4986 10768
43745 16589
74558 89492
32659 9589
22443 99769
61060 68480
32664 93896
52647 11550
58250 51991
9739 12552
83417 42396
75636 22277
84803 49939
48277 14145
42862 90577
3978 2290
30028 7220
48345 52169
68356 33402
10351 40928
6103 19028
35136 27608
10059 35523
11278 61720
8431 16519
89055 92799
47714 44582
7656 43259
46180 64521
51365 72201
36535 89448
97390 88785
90727 67042
1332 70350
11042 90357
90205 2690
53338 70027
97471 87709
20656 32895
79721 57139
28396 75810
462 90108
95902 82790
52852 57008
63518 8724
20315 2491
69025 43451
41628 36354
42894 96317
55360 22653
97869 83218
47504 44609
95154 55626
15647 75689
66831 84282
93242 5704
62120 98967
48323 54850
63729 90201
82433 58328
89744 98686
7582 19505
56404 54007
71755 10528
27582 75337
36741 45921
17892 13809
86030 66840
48118 98722
55044 51560
73980 47893
31158 11173
22270 16267
66759 38591
71998 86231
85024 53635
12414 48169
35149 27332
94652 80380
71428 74508
69233 13781
88894 75314
67735 58713
47145 23581
43751 78671
53549 2674
35546 18933
57172 58028
50851 36835
25603 69581
2847 34830
38247 27060
45614 67485
31730 76401
67178 79226
75724 36524
98821 30892
40805 82295
90363 90075
43876 51681
82928 92723
21259 62966
83035 31648
84697 21340
4843 91326
61358 53241
1011 27787
5302 31573
46852 87422
94984 45211
77339 69144
98980 22201
2000 60652
485 37616
38850 21401
19994 24256
15264 42437
65192 57189
81035 86379
67198 1627
66855 99593
33157 97652
94 93028
56554 5089
58954 8169
78715 47077
5960 20229
87619 71919
92241 81958
73427 99309
65148 78363
34099 29300
43517 45115
38993 70155
47237 1609
13517 84724
80761 63368
3717 64045
73839 27919
16106 11586
76955 73247
5086 61867
93853 68618
97985 63181
8985 73795
6060 25673
33858 94594
68698 73301
52976 70223
17641 40968
97455 91019
28206 26641
12354 83937
45295 42285
12398 57562
33391 7214
39998 68424
1817 92736
49337 56046
99173 57972
40783 95418
54210 13263
60999 32494
64292 9851
65858 819
97154 82271
15642 65536
76862 63430
34978 4815
70648 51363
23599 18104
79748 31411
48225 45653
64402 47869
80757 94394
863 75125
73441 91520
76555 59879
77779 29028
78453 93263
20706 19977
19299 24476
48915 60382
76456 46046
40186 79420
88989 64884
59219 65028
70004 23018
4674 71989
43308 47217
54004 55240
6151 87683
63163 22414
53081 52551
19359 66526
69910 57181
76777 22217
21298 85006
27570 87129
10667 210
73374 63752
86944 61552
66251 6462
9058 61386
82171 3519
56188 54235
75034 84411
89381 45262
34701 19207
28541 80532
38630 68486
7629 18196
43441 49924
10535 62534
10103 10747
70214 11275
94432 34068
34507 664
63175 61474
63465 32496
15229 84286
25083 32621
97390 41532
98979 21415
4494 63973
80913 73281
44979 20374
4896 4455
34573 54779
64260 56219
53231 51654
18185 34085
63385 29556
16001 22591
41224 43379
58013 20069
16937 70215
38632 28057
54716 64578
85282 85997
28814 94934
14853 63458
68055 15426
78398 9281
47952 84185
54304 9946
6909 12769
80373 27843
51038 20014
86032 74274
90660 68031
97308 21680
20857 78040
39280 74940
18283 59425
53369 2524
76911 36631
80156 74904
46547 25443
32306 69780
69648 92689
96775 81563
34351 31561
60605 15971
74624 98520
50446 59706
52037 87132
12356 89871
47920 59230
35481 28128
79504 14400
40900 50539
29159 55102
15210 35636
41946 96601
67357 70457
3425 78410
26777 37122
57049 57103
81079 70976
58442 99115
72289 15424
92476 46530
32144 98264
98319 98911
38909 19675
57455 39830
20940 72976
198 38058
15456 15833
77316 70245
14933 71830
25128 44465
98106 70111
24794 52118
47687 24308
19509 39474
2761 10996
6931 69517
80224 32674
68403 39796
26663 40568
31395 32598
29796 48521
87079 56
26842 90825
1067 28690
96150 64041
62085 85394
7965 45702
10693 20034
40356 1231
78198 88583
37174 74509
44457 65134
96292 7226
92572 31111
28475 47468
98286 65689
19847 88979
42410 12681
64283 29078
75722 66028
5933 45473
97492 98588
46667 69980
31191 57030
28377 80679
93887 59416
95907 43057
59486 61470
82774 5461
10173 2516
38916 94447
55309 2743
37376 61631
72500 59714
55115 5187
91686 83920
22101 26357
99819 20711
72342 84187
91088 29093
10734 80124
25602 26609
30369 38232
88090 63962
76403 46456
57392 63035
54604 89724
7389 37604
25403 36605
60502 17314
7555 37861
6015 12403
39449 57393
77194 89129
10647 83956
53560 74065
81440 65438
17659 69135
53950 66608
49253 38695
44806 75936
84150 24982
36410 77408
99710 58872
51516 59232
14560 59191
4156 52912
6190 55688
28829 83358
56803 28332
79471 63555
35182 28693
19867 85755
10315 37983
97980 45232
71142 20708
8084 82384
95999 52884
96665 44233
75237 39456
60706 47416
40951 86779
20266 71245
98882 62964
21236 21719
89286 61366
38640 85120
25938 80681
6080 33336
75406 48832
92686 52114
42375 47287
85390 38155
21013 37409
11371 51298
57234 51120
53193 13990
42231 84420
67480 21844
23721 24193
16882 66251
78127 46253
64629 72894
34252 45742
61165 28431
76993 99726
73150 1709
88289 16273
66521 65595
1684 94290
57401 90802
56786 4037
87263 14087
40379 99532
62105 79761
92069 90917
19288 15646
34051 37420
50264 32470
56998 69649
12567 29143
57009 13751
10264 45413
72213 69358
8489 28147
11820 88252
74712 67786
5314 11340
7101 17497
24944 47786
18609 29106
50789 22054
94356 27126
54419 72121
29433 95023
74526 55280
84416 66293
45904 6711
66691 97046
21735 388
57109 46466
98432 81938
53547 6871
12100 78669
95618 6035
26185 43286
68086 51030
71012 54703
54461 95060
27620 81869
26790 86551
70680 14679
12862 3278
98283 79801
77816 83341
79971 88662
93583 39538
48638 9836
46649 83995
46803 18729
52286 95899
13218 53741
1705 36723
61909 99940
67523 54575
62468 28856
32463 22115
77813 46095
86408 20940
53560 37287
57708 19436
81838 57236
6074 90783
81547 77199
6461 83149
46978 90833
95971 85038
17162 80641
39173 25390
9457 63624
91098 10169
42598 67381
1763 25075
46813 36044
11241 27427
21595 29180
30075 9356
55321 56221
86298 39180
65165 83979
47335 78120
50600 65458
92763 25516
79281 64436
22189 67250
40216 92192
31454 89323
5855 30277
79889 71329
42119 86352
1562 93054
93340 18909
84222 71507
47741 71082
51098 95369
58279 73746
32743 39227
53577 13792
8808 20868
24129 14706
32901 11518
10088 43467
27655 21120
48694 40336
51634 58550
61741 66208
94922 10173
76489 76002
56007 89161
77028 55946
89029 82773
77358 7617
87479 65059
92276 22289
88143 48472
57695 65342
37367 19396
18096 82451
60645 39849
55572 46732
16095 427
82281 89216
92549 78027
56113 93758
33798 85947
7988 91893
31942 3706
88445 63183
34867 39213
51037 32216
55524 6907
90549 54721
54005 2060
45149 2131
87326 13628
53343 86450
86377 45902
28950 15445
24686 12621
80315 31923
89431 26336
53575 70267
51564 30491
24053 58431
58972 12034
94698 4205
44262 88319
85984 30879
47058 83647
17811 69278
99643 98011
90651 70713
14303 23406
70588 78480
40919 81581
70865 84367
34166 41130
1157 968
81078 21567
25059 672
91801 7351
26108 7807
49050 75780
33162 81688
45044 89249
97072 95249
8667 14602
42327 96403
40119 10101
39687 37472
25509 64020
58852 71760
99646 77953
63788 45756
61709 62607
7597 60468
25515 54218
68654 36036
3800 65658
45257 90035
84216 57894
92119 31785
53671 54673
38784 82490
67201 26116
77405 54188
37725 35399
45323 59248
43851 76737
56479 76556
14305 32631
54954 70556
49633 43649
73773 44926
84474 14974
82601 13992
77022 80539
99101 91815
36221 7769
20408 31459
61763 53787
3592 95066
77178 77391
86932 99125
82056 70211
97462 58752
35916 95118
34466 49771
13240 10360
53477 18079
36911 13769
831 91997
5557 63056
64904 95255
79250 15329
16956 15733
77564 81892
11801 58260
74148 12746
6581 98515
42791 9387
34466 59490
21380 14119
39408 51980
12196 39502
37872 56216
29669 82467
24026 73027
40021 14221
75916 39809
11144 49296
51947 89098
5615 74893
89318 25695
4923 65151
29067 12042
48794 14052
95983 80983
9903 95370
55893 40000
1338 98407
57674 91728
31846 94235
42860 71774
82181 58704
71799 96770
74826 15730
72061 23134
48884 67173
62172 40115
32124 44096
41724 59511
22971 48256
67538 18805
56641 52408
54766 84525
31694 93319
51731 28227
15919 22351
37742 48821
33820 75054
84259 31821
61831 83420
1530 68635
22006 82273
65159 7139
70041 54736
80072 68578
19349 20795
92957 45198
29284 97682
8496 88057
12682 51135
99545 5096
85575 12564
26960 15819
90200 58690
812 50836
71397 37503
21535 42038
75989 77132
36864 22303
74964 32756
38455 42430
79039 10707
642 17366
29634 58665
33071 33825
99326 26146
78785 87041
28541 80458
39828 65660
58519 9888
53559 70678
94538 58070
74596 36847
47919 11324
39675 23119
60516 4230
5691 52461
11189 17753
54832 10784
40191 18972
54896 59715
4454 31769
47813 78642
94418 33816
14828 27658
1363 46769
32949 15005
23134 23784
93974 60061
35672 41298
4805 66120
37985 70490
25716 55946
98940 37911
31882 77492
95733 84468
2684 57195
35913 97291
53200 63899
97512 19983
22759 47717
5170 43289
26556 35066
84008 40493
58059 93599
97615 39613
2312 28917
81652 17985
83224 38715
30386 63862
21524 29398
79900 74383
24350 95240
58768 49607
62246 70793
44666 98229
14875 93514
73680 92224
82841 55504
98009 94838
69765 80722
77317 39180
36121 37242
19130 53147
14317 82833
54531 10476
53143 46580
46772 37429
28910 69257
82518 19953
20502 60824
88093 37112
96035 84671
46396 93163
99928 45157
64097 32876
60931 37467
53254 2499
64036 17006
46690 62251
42147 59275
62243 65305
47042 10587
67455 92907
53370 75015
73296 75651
34285 43572
3207 36842
22845 47932
42044 65492
39368 12857
68420 63684
21708 89064
13519 15896
42768 71345
69597 96283
37559 45596
92215 64067
90715 62735
1663 96824
54624 7564
91078 76842
78201 16245
91455 76645
26803 97337
27021 86383
64914 28234
18400 87978
54955 31366
55525 8763
97948 82673
67439 80799
4741 68617
61918 91138
40114 87415
94295 33007
26350 85166
51892 58227
27665 28224
8150 87124
62444 39401
8862 53787
6285 67512
1813 51723
55638 17276
10716 97795
19153 39731
84461 50789
91860 72091
23561 5036
45919 20388
97026 29214
40898 98222
15023 35805
16416 70624
15303 47622
80482 3287
54689 74414
47940 84315
70873 24747
15221 68171
94268 56229
79918 89640
44897 10544
26716 9384
45047 88914
4809 82088
14878 98248
16191 83191
95220 38610
19043 90837
59452 8591
25960 95984
34676 76728
42845 5464
51311 4358
51059 10328
79805 8082
82762 14952
93301 18513
77379 61150
15930 26045
35731 35925
77812 4072
7619 21522
99904 65453
58499 32083
74501 38947
61389 82479
90496 48935
51243 51779
76460 43951
60796 36347
99099 47389
29203 35697
59880 97172
37837 78007
78372 310
81167 71581
37303 52919
24928 63577
91375 66654
38623 97967
9542 98440
14894 90939
28789 1964
4425 83882
46335 6626
1758 91583
66778 82443
14782 36439
50824 67885
38641 48212
83100 21689
33407 13313
87928 9407
74122 77558
74018 50786
1660 42023
81698 35013
53363 42880
39609 57467
93498 72991
11718 43800
95347 85568
30035 5032
49077 18321
63641 10767
82547 90335
70364 76747
85818 53256
13942 37654
24351 23432
6511 16410
10779 82269
53946 7169
80583 8347
39890 60795
83154 96732
83234 98817
56438 28435
43336 84674
727 76122
27489 49546
5163 70940
75892 4124
9110 9721
60864 67390
99810 51857
39032 8816
57593 40755
37953 31329
60392 86089
41895 18997
50442 59927
65440 35569
47770 92347
68122 87863
67452 302
68503 61431
60593 47255
61850 95021
52611 10497
32057 85066
96632 28107
75464 1756
94681 8116
21910 54202
64821 8734
46680 63801
48533 40404
15903 92101
59341 97922
97522 22300
71066 4058
134 11968
32079 34851
72794 18690
70532 1150
10313 49977
24782 81000
60606 4191
93102 33121
23358 50142
47237 72966
62544 39604
95496 59796
29283 59230
12807 25658
6056 6134
77505 75370
38476 14912
67650 319
16635 72923
73239 78326
4432 35364
74952 76821
92378 92021
24921 37225
67028 43516
40489 94699
48494 16464
88062 79337
46416 84154
90870 52360
24343 62202
41842 54056
42601 17083
40764 78942
70587 59538
3522 48052
20803 94536
10456 18251
59025 64826
70723 54120
87666 56064
80055 89254
82694 28083
40397 20670
88393 99070
91679 12564
38808 37264
78305 33818
79888 8231
35950 17372
12130 84870
37863 9034
59992 51980
84122 68287
1330 27607
52137 94285
57869 79264
52180 76536
55929 34797
47867 11641
15645 74782
8219 84965
16393 46244
55302 89299
16359 55904
59458 41308
74967 85254
12707 60962
38316 19474
80193 99177
99816 97520
89352 34535
40914 71696
67026 11207
90056 11567
75814 57106
12024 99319
32708 3839
54255 41467
15435 28128
32007 65304
74900 48171
29977 77522
75735 37804
34432 37198
81212 66336
86956 35618
83638 32578
68593 81403
56818 37862
81468 60964
73321 34725
93886 81545
85992 95475
54482 6898
20521 67974
61130 64154
63895 24778
91174 34482
62124 66116
60915 39854
59925 7278
84378 3588
24866 66557
44046 93255
98980 71209
69542 51159
11982 15771
44172 79774
71939 39594
23796 77377
21616 38596
57665 12565
11714 90017
46668 85414
95826 48334
60841 47773
96172 65541
65073 45486
24028 99608
69588 1314
64290 1239
30105 78910
49674 10922
71489 55384
56835 55780
98259 82865
54026 8893
85516 37890
17923 62527
14616 41552
15835 71082
29371 83030
18780 39610
40603 94480
70754 69407
