1 10
100 200
201 210
900 1000
594141 320286
915909 292419
738015 496867
327672 392943
601597 747481
109224 293760
742870 259030
737692 611567
475668 187237
886281 912072
171946 498533
690313 468991
492292 431020
750851 472199
55189 301691
876751 60655
188190 187507
74087 834635
669909 287069
558703 187488
322409 168771
27586 757815
78945 288038
215579 47382
690184 33090
976449 177673
579102 574342
55506 408760
874981 150975
111796 348850
292664 349292
851670 312680
45075 896337
755507 503816
233459 510157
422028 202425
327760 181344
79520 929370
183778 691560
83114 263315
127326 251349
947861 134355
629655 425163
577589 670535
992172 335375
211622 88127
819315 843649
300407 389053
281944 608010
65443 346207
733307 732986
129894 147233
937336 60137
8629 247722
384668 894190
807752 214550
113209 298815
544826 268642
403629 714265
605914 653849
299935 683
1283 45501
303727 565749
968411 789875
828384 728652
752024 546189
174857 155245
922825 738336
330724 88233
688836 357571
803646 223563
318612 973577
812214 747685
999797 84117
382688 63570
368527 77940
478448 675306
187129 407353
37541 166561
544562 12204
357966 57508
784506 442911
374045 933953
611278 474037
61964 752933
418477 650071
128381 798334
467083 170164
730810 810720
699537 698130
788428 286355
507969 118010
331326 535125
925392 374593
747374 525704
428414 413858
989325 814068
732334 832079
149144 449357
730583 257104
968643 945743
640182 214024
90113 482548
725702 403978
240893 995334
902070 973667
252694 811353
480353 639143
329467 792928
192452 6448
363771 426533
985717 299869
256777 44103
444983 52900
94596 12241
809162 365020
975508 666254
586536 697249
148625 406426
625321 129880
622667 386581
4415 686369
319930 798261
317719 27880
299445 841750
330897 224391
247187 47620
792224 731595
850456 904612
532577 360183
436879 512632
250026 267880
292624 729946
351521 578087
884234 553551
430553 515857
127052 59053
861089 226714
281559 444656
253683 121449
756420 652123
271345 476240
370999 770645
365777 558490
625989 327666
147293 81595
472402 509926
325558 793950
508047 979881
887736 347080
596827 914464
553498 773623
557625 117679
653410 337351
842396 984318
712351 734647
381589 923228
930065 560402
961555 804699
886672 172529
383706 563168
565542 60079
87436 264405
785580 142883
75045 502310
429404 98795
611919 706668
205750 461872
872087 867435
809565 385591
119095 876956
160531 284386
144163 487956
282369 110286
95248 126983
406311 485289
917370 100510
70939 881414
860071 210175
578690 246589
693839 346191
841157 33804
793744 161030
788688 262186
303268 611959
475470 671057
470616 689341
323207 11891
567878 471873
611788 238856
752622 239924
44131 627686
832449 469142
638047 386953
244205 369498
186892 977758
87877 246604
392601 370833
765383 374599
522044 727603
499662 581071
36402 268485
660741 167851
262315 302555
642035 706091
435027 843355
829517 244685
672812 872372
633915 418046
916903 971494
335571 208538
73501 706048
674645 852078
458667 169049
335911 729824
810760 503834
185488 487199
189424 905685
852601 2412
818784 603447
877076 894050
602711 70177
605232 731094
591775 278778
583570 974119
18327 166326
719783 434510
744330 701921
631002 955822
645736 560517
634589 380182
850116 523148
840288 210714
66576 376659
935255 781852
917867 438482
4682 32201
75896 439899
167731 983973
688950 560829
826916 879454
600017 7420
902426 234235
922160 888140
853049 230861
843553 892809
452080 302208
969144 670902
898053 114169
908865 989874
682280 640665
237749 21246
822413 584595
878374 132465
295874 5869
590836 677299
289538 907537
753414 688780
821170 454104
334492 438918
310533 969087
702917 281767
288695 413937
212329 424732
965885 485443
791018 551686
242410 97169
741440 965470
682872 911385
724756 932533
298680 856199
300833 644836
843035 558343
191357 952
939914 221446
614574 726730
295777 324201
39154 74424
609674 259743
659581 966402
562181 609798
897032 384931
462193 583082
571943 593173
127403 451224
824335 334969
311625 806801
825862 73632
240473 632343
236518 54685
424967 507301
815718 116771
67139 558575
661372 722084
807496 761600
984493 266303
874360 970830
846496 882665
540689 164500
810713 340449
164321 157581
360731 310509
549968 813881
291263 925758
321372 183416
110616 789752
903257 130601
38891 109084
387016 794014
127495 563552
371224 536728
750884 640619
36109 80340
571696 97060
516191 954278
599388 760918
691668 688951
147312 231564
19103 806380
43976 996148
986222 350662
24413 768924
302569 703760
673592 328330
454360 766422
925080 18528
762874 281667
947617 281136
424171 437100
245502 863459
84983 715824
124804 626830
564509 852982
958412 458195
181956 290739
243998 616247
440535 569133
568493 757107
273820 19666
752009 861225
731740 84384
577916 691149
500822 722739
261699 257717
474660 114533
760037 959585
252127 158291
967296 627826
806752 804499
36309 84230
83401 772071
444132 80308
208424 659458
904819 585623
695360 380078
916455 441627
166930 491640
178403 883695
950239 632929
589669 493432
518902 477296
256128 799912
314282 423184
312274 167354
467503 497445
274000 343550
431711 491740
658004 294348
415713 296380
259075 801661
759306 365435
500087 983283
309025 633480
845711 20444
320559 415168
287257 212338
138819 526767
203532 165180
674553 262368
525081 756747
621949 890716
573750 176525
137043 981350
416373 147764
842582 356200
213785 602874
139909 546069
220908 960228
819096 827033
609721 481690
369977 752016
657333 359923
541831 375445
531955 467081
989372 407482
589136 506946
16776 407912
881429 456603
806948 933133
311716 107597
245742 643126
302217 557138
743950 634820
989049 134845
875368 335469
220753 347913
316977 821763
176134 496203
455300 350247
312837 48091
147413 630760
907357 217891
860117 150989
396616 377064
698921 886749
531092 535461
450135 494526
403068 607463
543167 581061
327326 133580
972939 646108
385064 554107
458894 580928
957769 661473
40499 224720
491933 16462
580533 997263
966862 565563
256027 367818
458505 497923
629975 232490
877295 227123
710179 765091
435927 862067
988716 106134
905092 370308
618015 252429
926135 954261
997507 613166
957012 714717
326116 80156
172666 116369
406745 808508
366956 886679
783500 673656
607572 952994
343247 30889
778283 674741
840527 689903
857522 669597
507659 180181
685358 817366
416696 439992
371742 796004
571661 44583
410368 644676
661285 295607
950265 133215
905230 737510
710394 61051
720003 526510
323039 317105
831641 148742
784888 551754
616371 126410
458749 479514
581490 940389
185198 124231
58274 576262
466797 105396
996922 25454
15431 353567
688151 166821
796680 334091
823368 655230
857930 991593
409553 456423
936105 633474
118493 211523
56808 920439
943274 675300
962478 987630
906683 550642
349441 583859
693077 404342
111983 481883
712262 278350
348511 413462
333970 654066
996287 443391
15811 648427
46146 181992
275317 548655
218975 101239
995279 872222
336883 662111
296526 180296
922146 66804
137278 502576
537636 446684
204836 840611
228162 803404
433778 212674
20552 295325
322729 758875
632364 653588
915581 728914
368560 912027
976753 680776
149652 923145
216340 896574
913647 629989
930042 106842
421125 982791
709500 858039
124306 82267
877587 776266
46563 341659
515437 105592
71327 570697
706313 29693
124355 171159
337202 734229
120018 510555
211271 13662
352528 813389
650653 564703
72166 24715
354783 299706
72879 395249
248399 932962
212475 488604
957101 382773
324764 787527
516859 849386
101913 586050
915185 696424
315913 797673
111860 919703
504365 226142
660430 236397
714738 665615
890621 889173
533158 492526
586711 619481
821895 643905
56536 922631
960485 649090
606848 421228
988438 686645
478125 765201
645451 109783
828617 933893
613724 46032
54601 741937
205399 195354
580672 65088
678313 881072
817902 149436
380384 446089
664278 958001
45397 819874
184683 968372
22087 237142
758492 55613
698890 785140
401623 983202
276184 451888
364435 754207
677114 291868
763552 333689
321107 8713
538578 495575
708103 856927
626267 242699
976337 107984
935445 132656
455846 122130
584572 165635
599819 168470
356916 669971
846376 785522
440916 889140
956781 556261
88304 28032
158433 460095
751177 170160
161179 374292
790659 310058
435482 134731
801486 351187
366197 776854
614225 159616
304213 999145
843661 13486
611659 501017
499778 189476
469202 12727
296650 137321
123931 565676
342546 134763
994228 746626
407567 426696
407804 378984
807681 337622
977840 709043
558253 425819
670075 816200
106768 405961
384042 575672
1942 805510
470967 182541
971602 405423
598596 490321
319490 729982
12236 359413
394481 741612
747188 875230
295758 527887
139752 847416
443517 968676
933851 996213
234132 986282
963538 865839
606973 120718
336289 864694
950769 462118
979699 145867
672394 804106
529378 926857
820083 663073
716367 563541
104307 211595
498877 389563
279080 388075
219731 298520
248532 423289
554525 963316
140543 737525
146413 776015
461629 844804
754942 264520
913728 304253
834912 251784
440795 399618
516393 112394
86064 638447
491515 533863
612510 140429
793244 480342
980536 843275
545028 999768
427500 273441
590038 917246
370776 502642
299872 764173
805088 199874
593422 841047
509533 268515
248542 579602
771761 70553
396740 225162
606076 342455
792115 811504
546799 522332
130920 847682
74219 774490
661433 619055
942052 719176
312350 453966
65035 972176
31803 294376
963474 556077
371773 895168
896954 63681
180470 565373
928780 900606
637774 548396
839 790944
548854 551177
248583 44736
514287 98588
908753 422441
240440 974239
257652 118660
213595 67913
632514 769820
310454 179395
128416 78714
684622 315349
501774 768640
684863 487753
950609 23094
310891 97313
161238 240671
183963 422079
518967 11896
543340 179601
962768 393705
919732 380346
235111 272148
880259 921561
430506 334532
286365 405437
800317 653813
509925 215345
825783 371725
869800 801534
52559 469368
491093 656257
93445 167108
864783 481468
384289 397413
562318 344603
632404 858249
6949 94417
666626 959860
543137 275134
400542 119046
602583 179550
501155 192595
818497 357091
837796 751462
970179 818824
922293 521143
582342 725994
971079 808670
495621 520877
381185 525663
357127 157777
850853 438379
546732 358024
956351 233751
803073 76489
161559 604800
693145 699661
256809 814859
984321 858736
446711 598716
33905 237889
410170 66729
68681 881162
894385 777338
947883 384995
861183 882126
903536 31723
39925 289096
251055 537438
445504 963205
32479 211138
60103 633261
569864 147293
348927 411265
495636 687839
556586 780248
721359 19646
114114 461168
191151 37884
856456 235689
28485 763204
814833 552629
666159 800733
893648 869850
792831 861447
882000 134622
952633 912439
677564 553666
597372 402920
836311 84530
466811 439717
203763 643677
718148 111815
359010 390276
50480 131526
416480 140339
686550 953766
715361 791491
948220 829216
493897 907707
962805 256843
534618 404912
886767 831939
294434 687159
756464 983991
345847 969525
450993 900956
276006 763848
261135 520726
70643 238599
635553 704627
580018 51786
958385 100669
881863 218574
792088 155288
258060 51924
189724 781550
451699 408905
188925 269873
811609 607340
895714 705600
632959 932281
53547 898072
313687 630608
277754 230787
44154 461266
277673 904970
386316 10660
150742 403136
862024 145242
930612 169508
218731 719921
923796 155423
364373 320658
348612 65817
628710 737223
471372 563822
411594 647899
846266 931332
892991 777986
638603 471600
107038 459751
30591 393816
702648 980383
762352 797778
334371 529226
289218 328781
135433 634669
383416 888695
734319 168669
271216 649504
979444 762591
275542 341699
953740 557369
82370 93728
91154 854780
23320 832739
676672 461545
476323 664298
725688 356232
643748 613414
30055 58392
538801 405407
938374 553479
165190 508077
446060 405001
234220 751789
223989 361767
652651 437881
958479 203292
712284 775110
533741 136550
899739 726183
212366 903730
456751 269963
689914 40806
895369 698540
174167 863423
199391 771295
4236 688198
217225 380526
643782 228313
19187 275775
598420 751787
704181 417930
190561 444513
200193 651476
523946 979020
116325 696407
61956 820460
230999 463475
283046 585908
3939 521461
946584 359398
794603 217330
763995 316814
675715 634657
212686 160791
719529 828091
921157 550976
981702 788274
388519 49655
641386 459412
753922 712880
607899 78123
202922 734352
558596 745477
268511 900821
717133 743070
462345 716281
556869 807890
142766 86462
64794 679820
404879 378991
724064 410333
756445 457936
168171 492822
942314 169564
680379 55699
98156 480002
714632 501686
378035 551775
208414 823602
814941 27001
156526 762292
771561 458322
183448 270533
331687 507842
359679 822825
109786 298584
376339 770652
534874 246940
247521 632230
840505 188654
729809 262066
988855 511056
614332 746150
125548 962055
393396 481645
32706 479173
668813 734184
378853 692354
143219 420824
391834 141038
413095 482335
269096 913015
809753 915506
130920 579724
662526 905825
386956 455166
990129 995102
873383 344535
368001 439981
203898 840580
631055 858892
217469 652826
915322 560680
782325 465003
34258 122333
190159 972749
244973 500901
936246 386057
458444 281568
397521 133697
960952 276192
187073 390326
770065 181330
253715 487188
78686 109429
910958 155814
529763 639602
300784 798128
699803 354008
532065 748802
492191 281781
167470 484918
695440 54666
480428 398279
743971 67781
157688 546551
429987 356405
903570 476418
607865 957431
807928 15855
663596 74555
797811 880213
815 652649
7715 60235
34496 872753
308177 557212
149333 379339
438432 914779
941081 660716
435128 747420
437768 227583
153142 677274
218951 19927
281772 623752
693327 655624
93725 620708
739516 692912
277055 405054
396281 381313
221494 86012
944485 430576
518349 688550
144605 34098
723610 206297
374487 782093
491202 702666
199381 621278
449982 683576
450287 733152
944441 416545
90607 74207
333985 589908
121490 450886
625642 959165
72630 883241
55203 697159
510332 777599
