90220 90342
19161 21110
94151 92723
25135 24972
92533 94090
6688 8195
93296 95082
41856 43220
13866 12762
77379 76015
24482 24898
61123 60093
99458 100703
40721 42415
64151 65542
32757 33534
66958 68012
28516 27678
12264 11183
47422 48825
38394 39100
2688 3105
15267 15001
12 652
84202 85071
51731 52452
64340 65292
67261 66977
9983 10993
33557 33757
61375 59447
47667 48919
78002 77141
84487 84421
63713 63693
97311 95383
56789 58739
71861 72514
86836 87152
39416 40969
32759 30831
47606 46210
4201 5860
59043 58142
82558 84498
36968 38261
78637 78647
47690 48908
1388 3376
83702 85051
33478 34144
4551 6199
55452 54209
25587 25911
26549 28030
66776 66755
67203 67720
8062 9781
87124 87511
84617 82627
99217 98545
45054 46185
64823 65080
82319 81999
12175 10540
96677 94768
79788 80407
19593 18887
45281 43925
87247 87247
53532 52021
60479 59570
31139 32300
21505 20464
14410 13174
26213 25795
26157 25277
95916 97193
83056 83944
23606 22127
94897 93979
97609 97878
64582 65122
3002 3128
74041 72350
18396 18810
86909 88452
68482 66855
90795 92490
8530 10050
85662 84466
45321 44971
30439 32073
19941 19460
42957 40985
84882 85148
50948 50827
36500 37273
64105 63506
21934 23195
5240 3822
46317 47847
69931 71035
6901 5137
58639 57458
85541 83803
38948 39513
75049 75276
47377 46594
36476 37864
75681 74618
27448 28966
48414 46511
53308 52844
14024 15350
97400 98078
12946 14772
59928 61448
56858 58026
19371 20191
13987 13972
75887 74348
30993 30845
64986 65398
63712 64953
28135 29161
44512 45595
33532 34141
70609 69236
46996 45726
20216 19934
9550 9908
3547 1889
72464 71469
24543 26177
24537 24739
38523 39553
28578 29059
19352 19372
26064 25785
2408 1215
50906 49302
32831 32588
52753 51794
70579 71884
55792 56543
55020 53242
4673 3146
18855 16899
3466 1957
46765 47056
20530 20971
67051 68808
4660 4850
973 1143
91455 91366
43356 41890
18119 17020
65746 65310
29324 28339
58902 59654
41412 41855
99032 97497
41992 43377
86282 84844
11192 13087
7736 9735
28524 29674
40582 41048
69272 68104
50853 52303
28410 30348
7346 5427
87523 86766
43691 43071
51808 53521
81103 80177
66245 64687
37553 37134
60405 62042
15767 15658
60688 62189
49429 49047
62457 62285
34402 35299
16770 17525
69908 69188
84374 85179
47005 47396
24099 24827
27937 27010
3747 5278
12018 10559
78277 78940
35274 34950
50429 51347
90948 90895
42276 41277
70648 71247
15821 17797
43185 42839
5318 4617
31053 32613
14855 13123
64528 64769
98682 100564
34277 32915
67654 67782
86931 88287
19802 18586
65623 64594
97043 98318
29092 30475
25706 27329
94515 92895
96637 97890
8392 9382
37112 38836
85444 84481
98400 99828
21921 22398
44092 45543
80525 79973
46240 46908
69797 70496
60215 61783
36589 37474
60428 61945
13258 14668
97429 95528
89597 88919
12189 10549
15292 16288
49965 50726
48686 48586
29558 28959
43426 43975
48957 48966
44076 43399
22531 22287
41886 39925
19888 20963
127 1082
76668 76070
29707 30722
35417 34082
72007 73767
63585 63085
17791 19315
72759 71855
49086 48078
86364 84722
59528 58959
23505 24511
20439 21097
35332 34191
72785 73676
85433 85614
96418 94543
118 1212
61179 61184
97931 99424
83175 84223
12092 13529
34790 34416
4844 4480
23176 23486
41224 43167
30567 30118
39533 37604
75489 76571
77238 77836
15601 15156
65094 65255
12521 11980
27375 25571
65294 65075
68061 69327
93872 92239
4355 2732
21509 23400
30367 32264
69505 69995
26187 27060
6259 5242
40451 39268
67871 66222
75279 76279
2772 3071
2828 2529
92233 91053
32091 31860
63545 61742
12229 11715
69431 67560
51145 49170
95984 95594
71012 70838
86172 86084
79996 79907
35904 35741
23625 24751
28644 27344
10464 10142
94988 96859
32510 33066
78581 79426
99629 99141
11629 11420
94454 95722
77583 79416
81347 82238
93370 91845
39087 39996
50286 51322
47629 45787
96258 97278
47506 49109
29316 29587
52672 52403
32622 32378
39887 38640
38337 36699
52442 54375
65921 67186
86340 86100
57485 58257
18661 20128
20697 21451
65493 65738
79274 77403
43379 41964
19149 20461
56338 56007
58068 56998
69025 68837
9454 8618
99253 98887
90242 89993
11766 13259
96680 97503
2019 3888
98660 97474
15298 14886
94144 92619
91560 91117
1412 2680
84673 86150
71349 70874
66141 65139
47879 47864
13016 12228
77824 79485
83268 83454
9579 9594
80852 82016
81046 81553
10567 11824
79240 78587
57455 58785
56642 57493
72254 70489
75505 73601
89420 89241
85133 85749
33672 35339
274 1188
5368 6944
94328 92963
49390 48962
91185 89536
99113 97493
93726 93081
6085 4964
32366 32780
29664 28802
79893 78010
57706 55707
36132 35399
44104 45302
88267 89390
86661 85245
24488 23615
93750 94921
17066 18410
30280 29126
19623 19754
85097 84381
75574 73576
73487 73337
55529 56709
99977 100408
63051 61608
51520 49733
20754 21561
84457 85132
86561 87829
69738 70715
72253 74162
71526 70128
5066 5124
69991 69657
81441 82343
99431 98021
69040 68684
11963 12419
48078 48791
64029 65587
48537 46832
18484 20325
73326 74567
81474 82378
13156 12699
37162 36148
75430 73669
26299 25507
87499 89247
78590 77740
2836 4713
12952 11870
45985 47734
86844 86544
87888 89392
9936 8642
1811 30
65274 67245
46125 44225
72712 72418
28489 29167
75705 77144
57238 56617
96554 95923
55203 55981
67168 68428
92915 93279
94799 95736
2365 2006
20902 21327
9155 10465
9368 8344
73677 72751
37863 36716
27138 28439
64334 63171
5218 6849
41643 40375
64578 63885
25383 23697
65380 66460
68580 68077
83443 83610
91234 92900
30808 31421
83245 82930
15580 16603
11207 11618
30331 29318
93805 94706
67553 68537
14921 13533
61956 61249
78836 78305
26781 25088
71365 69452
74276 74303
20315 20445
3111 4392
71587 72241
74534 73370
50342 50184
60079 59758
63281 64305
76625 76023
22050 21455
16575 17016
37197 37376
34787 35839
65384 65606
33563 33876
34777 34484
99381 100002
49466 51371
33827 33498
15878 16782
93755 93277
80995 81697
47310 49287
69388 67446
1795 1683
72217 72819
23631 25378
32461 31164
79347 79595
77852 76183
53873 55352
4471 3961
3948 2744
56310 55785
52476 52705
20512 19244
46123 44823
12506 12045
66255 67193
7082 7104
51108 51463
15046 15470
80613 80392
26590 27617
92455 93172
80291 78947
59475 60125
7506 7083
34941 35377
79841 81030
18213 19083
27397 28124
12362 14006
56318 55420
12902 13492
97119 98430
83498 81831
12318 13714
66102 66203
55092 53568
33493 32781
18257 20218
58611 57777
44863 46170
95868 94907
12881 12882
32659 34474
89385 87854
37835 39243
45667 44831
10278 9958
19201 17858
9831 8064
66995 65931
62326 62987
49730 48936
48975 49635
1146 2732
45095 43301
9778 11063
56701 56168
33721 34013
41849 42445
40895 40176
1060 825
84605 84292
34947 32961
10178 10107
97041 98948
66491 64652
23159 23333
6909 6472
93099 91336
40466 39177
12195 11434
30526 28816
33268 32166
36397 37367
29323 27684
23100 23028
32743 31449
32672 33276
57202 58067
26806 26393
52890 52386
6152 8003
16752 16477
59513 57811
38907 38955
27373 27745
14650 13839
43000 44343
52789 54216
93858 91986
36510 36063
46995 45576
59882 59921
54465 55673
55014 55854
7315 6509
29431 31369
56816 57026
82706 81183
61321 62037
34485 33340
64256 63140
9952 11363
71380 72123
88883 89434
87050 87514
35878 35599
92793 91453
84031 85183
8626 7719
41683 43264
95626 95620
54268 54635
28934 28377
2259 1439
44066 45761
80587 82411
37470 35619
49642 48792
22245 22028
66372 64975
83259 83394
18805 19138
67330 68996
4763 5043
16201 14329
65358 64635
51826 50610
15101 15671
29822 28534
11942 13610
52472 51463
22482 21800
93179 92301
98923 98909
54080 54810
2842 1750
80360 79321
36225 34665
94018 93420
73522 75037
19353 17566
58730 57678
5149 7109
88430 88414
50189 48683
30240 31698
66398 65557
81470 81667
37995 37809
40887 42466
58329 58998
1771 3104
324 1326
1150 682
29996 28485
41720 39821
86742 85862
42364 40554
76864 75020
5187 5646
29317 29350
66100 64549
39337 37949
78595 78253
75426 73889
58115 57815
34083 35918
17001 15227
64998 64308
78559 79606
99476 98687
10305 8852
5492 3969
76311 77181
63919 62170
76880 77977
16828 15833
32887 32790
20237 18574
69109 69621
34420 33644
98882 99980
25267 25203
34185 34873
6655 5592
39064 39481
34160 33866
55329 53761
25480 25665
85488 84473
57885 59708
91368 89389
58373 57011
84444 86194
8029 7543
85479 85898
33718 35458
69801 69618
14972 13461
76415 75752
73412 73419
65342 66482
17266 18007
67563 67651
86436 84594
66042 64749
42911 44483
71041 69852
48980 47907
85527 84777
9614 10058
21967 21822
71002 71539
82251 83192
2419 1445
90335 91642
5898 4574
36804 36302
16399 15380
73781 73996
30078 31751
61705 61352
59784 60575
66029 67797
43037 41403
6237 5390
94067 92918
96927 95199
66102 66031
90653 90094
16940 16850
40093 38526
25124 24703
36222 34621
1786 883
70193 68619
49769 50159
92210 92060
99950 100609
58881 56935
97332 99210
50817 52014
50306 49324
22093 23552
59805 58215
82642 82852
67419 67020
67309 68036
73381 72255
1889 3378
6184 7138
84725 85392
19545 17594
744 728
51170 50486
55218 55429
3438 4833
8568 6875
10156 10809
67819 69614
52259 51273
13918 12298
28755 28355
40642 42524
51875 53103
16193 15451
35565 34963
6163 6443
13506 12983
51583 50507
20315 19891
87730 88220
73277 74382
59253 57603
89352 87473
47886 49370
46044 45094
27702 27344
78249 77255
87730 86358
42194 43135
57968 59911
3228 2005
89312 89356
71865 72729
65004 66600
26027 24547
53334 52062
10263 9955
80493 81561
93928 92385
22282 23188
28829 30640
621 1338
19952 20360
51312 50979
42756 42717
73028 71464
16586 17336
92432 91364
22768 21293
18723 17501
66631 68505
63666 64537
17263 15694
95186 97161
46433 44891
50356 51245
11640 11283
91448 92733
9885 10103
76783 75826
23694 21945
43057 43373
38315 39757
10807 10881
67133 67589
86615 85209
10754 8772
81562 81663
44857 43713
2683 2822
75654 75502
92766 91700
21187 21250
65322 64035
34628 33890
23940 24786
43877 42118
7274 6246
14642 13570
8009 6037
70195 71760
94908 93230
28593 28660
67105 65470
52521 53515
51865 50335
77101 76970
85820 87512
33329 32557
71767 72554
25369 24732
26499 27924
20956 20818
45987 47587
10708 11368
74106 73007
48773 48573
62822 61162
60360 61721
97085 97480
99412 98812
63394 62788
69703 68958
60836 61899
9654 10338
81844 81185
8975 7025
44993 45802
79911 78508
51505 49557
33189 31824
85342 86527
99850 99806
62570 60863
12795 14756
41185 40973
95244 93252
26570 24806
39627 41245
3177 4892
42502 42098
26260 27863
23450 24947
47312 46945
72858 74406
62823 64810
90808 92360
5224 4565
57555 58178
16636 16380
56381 55524
76992 77370
46183 44595
96292 96628
65835 66164
23614 24891
35798 37230
29100 30079
27024 28500
49925 49675
26409 26318
69434 69588
74818 74370
87086 87521
54997 55801
8750 9905
68866 67175
83759 81922
82840 82522
82884 84861
14524 16181
34777 36505
27032 25732
75215 74566
547 1313
23219 23797
58409 59991
9725 11233
13847 13902
52642 50643
52869 53363
68631 68111
28544 29154
69315 70293
10323 10279
21887 22131
46129 47630
9100 7492
96002 97927
71345 71389
78120 76236
53744 54771
91404 92781
27812 29219
44938 45114
21082 22620
5590 4065
54056 52611
53833 52097
44910 44929
93228 93740
71304 72101
96863 95249
56333 56942
65639 67012
93735 94388
38322 37859
72463 73139
51848 52260
70244 69289
77200 78391
79560 79275
88572 88273
39415 39521
94514 92757
517 1064
64567 64535
25299 26114
85402 84045
66190 65605
20411 21900
43940 42588
54486 55639
39907 39492
80496 79241
90192 91107
40829 42166
8001 9903
3275 2005
17944 16183
78 334
9820 11593
82217 82587
629 100
59510 58066
21508 21467
69650 68559
42077 42692
76648 76089
95458 94488
32312 34222
48125 49153
74020 74565
25177 26010
90551 91772
94078 92181
23378 21980
2951 1507
62132 61668
41409 40834
40774 40176
91011 92767
75616 75965
44613 46523
34171 33432
99998 99197
83796 84833
28766 30644
48090 49014
89092 89979
3540 3477
89501 88234
54226 55152
3514 4473
75438 75653
98508 97285
85374 84119
12703 11905
28378 29639
15952 14035
57476 56868
8108 6757
31705 33172
9255 7530
97778 99543
38774 38498
25335 25106
39305 38184
865 1240
80521 79064
71338 71438
74441 72499
46740 45367
38636 37745
