1892 4976
3646 7908
6598 8599
9542 7868
6842 2462
9116 3792
840 5129
7265 7407
7160 2927
71 9253
6211 1015
3724 1195
7658 4248
9799 1220
2981 7326
1358 239
8682 2159
7921 9181
7205 5328
7435 4480
7704 4587
3372 4796
3689 7680
6114 4706
2145 9124
1342 1675
2645 2557
7870 6758
4759 8790
144 4344
5625 493
5712 5461
844 8536
8866 4555
3831 6437
1929 267
5227 730
3534 4093
261 270
6851 8221
8063 4217
2025 8728
7662 4885
3358 4569
1164 1086
8585 7811
9233 6972
5488 3848
6576 6116
7183 7343
6721 5731
6089 9197
4306 3736
3728 9625
5034 8895
364 7143
1808 113
5773 2754
3965 8
693 7841
6459 565
225 7976
2861 1063
8809 7472
6741 2391
4060 5378
3143 7975
6484 8012
5170 6779
7665 7190
5497 6772
7613 8564
900 7641
7095 6412
417 6217
9488 2839
1730 8636
3010 9062
384 5918
3671 2591
5315 8989
681 83
2465 5097
2019 5315
5537 7515
8787 875
6516 7065
1528 3510
6212 5256
3139 6978
9932 1673
5904 9696
6656 7350
8719 9036
8465 3329
539 5506
2479 7041
4256 627
9776 4741
757 3596
3940 1739
744 8573
9523 6197
6706 7049
9398 9843
8247 1669
3121 8819
8340 4654
429 4515
9851 7588
8281 1832
3549 1977
1215 8841
7943 3468
478 2506
9563 6298
9028 7254
9207 3823
8541 4507
1778 2495
791 7454
8475 4953
1267 9306
383 7534
3424 3306
2892 8613
6625 5431
5772 9336
2616 9599
7343 7994
2529 2748
5345 5333
8027 4904
7448 4961
8268 2959
685 4705
2169 6652
9393 8200
2710 866
1437 3005
121 8661
5698 6848
3903 8946
6936 6222
3430 792
5384 7947
4640 2591
6316 5015
4920 597
2389 7790
8722 6648
7930 3120
818 623
5603 8466
4964 9084
5450 9212
3722 6021
4345 7236
1841 3836
1358 7402
1282 9478
1147 8512
8083 7716
406 5181
3209 477
4330 3518
5973 4777
7990 2818
2591 1742
390 9173
2184 6139
7048 2080
8886 2452
6624 686
8448 1848
9653 6950
7807 9803
9594 3242
8193 4059
8318 3776
7002 5300
2423 6447
370 2389
5971 288
4647 2416
9937 8798
6221 2197
6986 9158
8427 7495
6526 8847
4850 9250
767 6372
9790 857
1198 2486
3656 5044
5980 4803
5405 229
1489 7004
2188 1324
5697 6705
3755 5636
5387 8014
3287 8128
55 4124
655 2440
6397 8928
5364 2263
588 1668
9199 1897
8828 9260
5024 336
1165 8661
6845 4387
4989 8220
4866 1773
7401 8294
8669 3055
2406 5234
6232 5808
6943 2620
5218 2624
74 6751
7865 3038
6099 2011
6758 8742
6906 6525
7562 2879
4031 1488
7596 383
4374 8003
3475 1034
6668 8273
7208 3956
7100 2767
6180 5486
2850 7762
9379 2512
8194 9327
5432 8437
1616 6721
3844 3036
5882 456
3712 7743
4223 1361
8477 6661
1835 1099
469 8304
5472 1951
2761 1166
2494 3730
1413 3642
8989 3747
8087 7467
5799 7151
8769 2100
7850 2875
7209 1562
995 2523
7240 4841
1202 958
5671 1082
7660 5430
5011 9886
4467 642
3522 3913
8943 1760
9234 6716
1390 1500
853 1963
8587 5550
2952 5677
9179 4985
4695 806
5374 3971
3209 3027
6440 4368
7962 4841
2383 8750
1087 3233
8672 7048
3378 2243
7633 9486
8879 6075
7430 5278
2694 9846
9462 8913
7298 752
9454 4749
6486 4753
6741 8035
4680 2683
1635 4241
9311 4052
1889 4556
2681 4955
9390 1424
6233 773
6882 3041
172 8464
5181 2312
6723 5852
3202 6184
547 655
4352 1901
4706 4515
9459 6030
9347 6955
1826 1124
3188 5423
8662 8203
8715 2453
2508 1572
3799 7194
6275 3519
1985 5555
1756 3064
99 2878
9372 2549
2305 1586
959 9019
6707 611
1766 9329
8690 5892
8433 8059
1646 7654
9050 50
7297 1529
1614 9717
2322 6689
7535 3166
2402 8382
3218 3668
3097 7523
2788 950
5996 439
6555 6382
3315 2356
1064 3148
983 3258
4192 6462
5639 6019
5327 3044
8291 2348
4286 7028
9272 3215
8763 1881
1858 5474
6502 6900
354 3737
4015 9385
6781 865
3327 4978
2618 4314
1561 100
9510 7892
3442 8709
7971 9198
3527 3902
9671 3500
1532 412
4718 8871
9472 1377
6112 7442
5263 8073
347 4423
6836 5238
8771 554
8625 9484
7022 5647
8170 7600
6653 1271
8257 3846
25 3534
5441 4381
3024 961
2932 5141
9652 6873
5002 7194
455 2178
9177 9199
9464 5068
5132 2349
1765 2706
2696 6281
6447 3758
5096 8428
7776 7143
6024 6294
3037 3450
2557 9731
7237 6645
699 8426
5120 1137
7786 3006
5228 8984
3015 9819
2331 3644
5343 9558
7770 4450
5228 1236
2055 4503
1150 4079
1058 1124
6020 9507
8601 3042
155 7456
2806 9379
5893 4901
6274 3647
3954 4904
6589 910
9674 1643
1019 9829
5927 9722
7290 2285
454 3320
206 6303
9405 847
600 6316
5968 2782
3532 1929
1266 3469
1583 462
5565 2127
4554 5528
1006 777
2990 6867
833 1972
9398 95
1964 2997
5462 9300
5482 6917
5406 8802
1736 5022
5216 9282
5914 8131
1129 8034
4977 2403
2711 5754
8548 3921
6917 2627
2822 2883
9664 7421
9258 5925
6515 5864
880 3069
3502 5587
3337 243
2006 572
9796 5293
4915 3546
6624 9653
6782 6914
3103 7725
5617 7573
3809 7547
9508 2722
27 6362
6486 8350
8749 4790
2750 6966
6102 4284
744 227
2355 2599
4842 6210
1395 4323
6176 7839
9742 6647
7999 2754
6665 3573
4761 4735
1943 9791
3916 936
958 7267
4796 9899
7041 4024
6901 3475
5220 8356
2251 5462
9477 1068
2191 9723
367 9886
8909 283
5292 8317
9942 8377
1903 306
8784 3904
8828 3533
4236 2904
3939 8804
8218 3811
164 4666
1719 4011
1527 8071
100 2729
8831 3076
579 6028
344 1860
2599 3802
5220 86
74000 20021
29212 26482
72505 53147
55249 24454
25674 86142
69829 33077
66567 73256
83607 17495
56736 47422
12179 73690
22660 17109
57630 12444
92251 58319
60191 15779
92749 65637
88739 74262
53593 77887
88179 70579
57723 18965
93684 84236
19227 46230
14009 38338
93351 70297
27618 54813
50076 49844
37786 54965
30661 74533
80536 28518
99991 94217
30320 87948
26188 70728
99721 78912
88435 78977
84636 84924
55171 82377
51709 75034
36217 82340
78855 13012
58168 51200
88811 85531
75584 73522
66811 38415
44813 19690
46857 19287
97233 29739
55717 31761
52901 83903
75874 85184
77988 86313
94715 67909
40611 10178
92455 38862
92962 33319
20683 19488
52818 55593
96711 53896
95855 88367
52446 77230
39177 96102
73826 41996
30628 65787
15711 11365
51877 68376
24642 96914
17794 68340
73815 69008
20132 10729
96935 99327
17796 57629
40173 66943
65337 87161
35267 23813
63595 95402
58016 35907
36344 39040
57321 38979
16573 25096
75928 96155
75753 43206
58280 21886
47961 93691
53771 77673
55872 13915
17379 12329
24262 40580
66706 27446
78402 85162
45910 44796
76828 96980
87292 72108
14207 52816
30237 51496
41293 25482
53741 53480
78673 21880
86867 38931
14296 72714
71672 60988
98278 82156
33081 99584
36030 63461
90637 65982
37850 36135
52362 32594
78238 32886
57252 98380
31904 87199
28886 52660
87176 49884
43564 38416
97096 69811
47234 96045
21255 19454
12739 10838
15543 54835
76739 44271
98130 84452
15343 11271
28136 48563
24486 26512
51545 91113
15232 71148
83732 69684
38561 36723
30588 51230
76323 47486
20588 40286
55947 42344
70481 84087
44197 64600
78661 13995
72290 26469
95117 52219
95551 89474
86849 67559
80116 84163
55157 35467
72450 10146
29894 60076
31478 55755
95631 89013
71880 34552
68400 71349
89374 87438
65326 61160
48124 91349
60423 30805
28427 34723
75049 43982
82884 47657
85222 94612
21593 16748
43110 81267
73833 25578
47327 32997
60316 39466
13312 76850
79321 62836
94129 99406
50301 97776
73319 54174
83663 79156
45596 63441
96839 82613
78445 62608
80321 71176
17821 42537
46595 50327
69138 77896
23119 63860
62758 82352
33914 50495
30135 38544
88796 69914
81655 46611
50259 47058
44716 33821
85655 31772
97951 38797
71302 22070
89667 23068
77514 93079
44150 27076
98446 88156
55189 11533
93235 42911
84765 89455
74438 17930
41320 58388
23034 62820
70881 93491
86533 10492
30855 93144
12499 50409
90318 63030
24143 59742
46401 80625
30283 23201
76707 94654
54119 51513
38574 58056
19267 62117
88961 69614
20132 84540
19557 28183
79001 99532
16026 59449
92295 84767
61875 39663
80298 80570
89761 97284
96021 19557
63671 73119
41087 13493
33867 32883
83815 16868
67760 72712
26905 58919
25188 61172
41138 84186
24322 69312
53303 67934
12015 86792
17785 24546
10046 22239
29710 49202
60767 54892
48010 34282
41374 14527
84468 93035
11000 38216
75972 25392
87085 39084
71510 10862
12395 25561
88443 17077
33714 79164
64502 19830
17454 55993
31643 66363
34485 44589
11675 63124
93271 33963
81879 58983
40495 75280
39579 53656
84571 53125
43838 34528
66820 86663
10749 92067
55884 22003
63580 84164
62886 13098
15767 18047
32863 16232
85145 42299
36024 35106
42922 85432
84593 20833
55313 42903
12323 23090
99089 28503
67892 73493
84706 58862
12865 42848
40995 12089
67271 36054
52054 99195
63056 66566
69405 62434
17235 22142
49332 30716
20941 38131
97148 85713
85144 10989
17151 67166
55727 75544
45736 72084
89774 37669
94876 83298
91059 42496
63941 58472
13219 88887
55166 26595
88584 52527
88374 58292
72766 70123
63008 71049
54036 20146
32874 14560
60087 15471
51699 50485
94216 65708
76835 77907
75109 47343
69524 56612
54922 14439
98122 25827
94434 59728
81264 36335
25989 16151
97038 94508
14215 35887
71552 28909
73978 55508
16549 12305
88662 80744
43005 38681
90676 93839
36606 72587
14689 48482
44679 34766
55184 53250
29219 18853
20775 11503
43467 30609
94273 32847
29133 91766
15771 25666
83154 24264
56601 25057
99451 24042
77980 98114
40154 83394
59265 35268
67999 63642
83754 59151
77186 18754
70298 51903
28496 13377
26070 40778
25345 35994
37525 28734
60857 10306
31811 44775
54653 47611
65092 63131
21972 32843
21517 91821
28514 35048
71311 66032
61878 85925
40631 50623
35585 49032
47435 90463
95332 27208
27740 32849
75334 47409
32978 40325
25025 62641
51243 22705
17440 75557
11030 53522
11965 74668
62092 98431
68792 53155
13169 51937
35892 39597
64539 11831
40835 17450
12989 11040
11346 75753
54950 61279
85221 76944
74226 20650
32070 47234
95309 30317
42101 46287
74687 94320
21552 92669
20159 47921
10812 49936
49996 45617
29303 78830
51502 44465
33464 51705
55178 93231
19643 93677
45839 84141
53894 89695
26022 11009
64997 29887
59830 65937
28438 70601
74289 13622
39291 64220
73284 67399
22124 84036
90513 54861
84948 72109
53569 63736
41103 29837
64771 58537
34384 66950
23031 68827
93518 80697
34833 77778
46847 95193
37458 47382
37385 68182
70318 13098
78826 78623
31243 74949
95324 86052
40758 97739
39867 76025
56621 16954
61863 99194
86693 31734
79324 32563
17239 79985
34884 19742
73080 36196
41792 37597
78369 44512
45644 66430
66175 83981
28795 79675
99794 20197
67077 27367
47457 26006
13651 52064
78331 96325
21289 40800
36834 77905
30938 48795
36044 14147
91391 32492
40284 99604
11977 29495
65233 52542
66322 87628
11605 97593
20654 47254
57373 46573
81606 34053
22098 77290
37651 65741
95433 39525
76343 45799
69814 31803
25398 80929
33817 58938
52692 94332
21889 76928
62275 65918
40317 31576
27475 54305
85904 42341
10187 46577
75290 44402
71656 50909
88051 28573
70526 61382
92519 57880
49629 55269
63957 32100
34492 68151
48301 62795
81550 29932
12250 83714
57257 89395
74912 78280
83687 61170
28986 90406
75701 87742
56833 34648
79857 41716
53669 62277
97722 56905
37517 85911
13794 80877
53103 50989
91836 58207
17149 81659
45724 76746
88323 37555
56511 77411
57915 73635
32397 96822
46236 14389
77584 82917
54067 88325
33346 36894
94956 68005
95924 37018
66084 49255
30129 24505
77865 52551
10604 36369
79218 18192
49780 57563
62142 71077
14178 82090
34761 48706
52709 46227
10098 41325
75839 78940
16511 51265
94372 78217
