1 10
100 200
201 210
900 1000
899351 975224
573580 624611
366699 654600
929026 986443
872546 947724
351401 961545
512916 750632
535029 708340
760584 965884
845910 950906
23879 758138
244411 558550
95497 597638
154251 524496
590398 817509
270325 922324
483582 994816
222266 813383
954649 974362
309319 409889
315420 862679
911358 956304
67980 133434
577066 618937
439197 725748
4247 69039
492150 724942
317631 514847
231782 330058
158261 940295
545983 779321
134093 335070
814771 947041
864910 938719
594351 771951
669949 888298
264334 757083
614237 633647
933027 996077
226945 633937
656783 876622
9387 113415
777676 910659
343585 394892
431478 522543
296780 736599
394553 609225
214318 493418
241278 940108
956713 974077
192419 992402
238046 520386
98186 691514
332070 578027
975052 990763
887178 915525
493992 856462
722873 886378
717323 771345
615814 968692
649833 836039
983726 991069
919542 990250
232301 649810
695160 889743
736880 830970
38910 105618
872247 878642
856040 866106
878625 910592
447719 811860
241019 502641
447590 520681
711784 924868
45363 451218
811227 902717
585243 975251
616953 887604
632948 754194
868163 962712
48523 520097
633064 663361
909087 994986
191197 849093
178967 691467
6636 755868
338585 729298
345870 582092
882316 968489
667879 858298
969075 976152
369410 575498
147175 896065
427610 785697
800347 801159
397911 662116
629514 768178
734559 755853
184415 999952
782758 838190
873031 968548
269112 394241
232699 306577
372881 399729
74908 347977
852513 913516
967586 968833
167243 186311
990020 993638
106036 271417
152602 511983
376886 976787
169334 895043
721199 798421
183550 214928
904758 958589
232469 408334
945318 993622
59279 484868
748061 760175
890728 893562
716149 953355
21896 839192
25588 676115
638118 858982
267091 614251
635574 815111
474928 731771
174334 761945
444967 718406
900714 981791
936872 948664
182787 730005
448112 496426
935260 944617
825550 961663
847993 891800
575674 954587
372077 652206
447443 957157
595868 963339
189672 717496
88741 802920
784076 842875
870887 923247
278337 939324
445046 694466
239013 573785
123860 880509
579259 981561
595272 779588
639449 640247
826135 930873
34834 437999
231169 391859
392879 420033
593094 699927
769995 834103
279947 417576
391174 924132
340332 985665
869556 926728
838114 846998
625566 730207
524566 861047
66996 235040
950495 985780
860892 870754
476912 932946
712825 993445
655136 860937
586753 979387
26859 376460
449083 549970
854813 858343
843649 845456
832402 940050
561417 862858
620930 920184
903243 943825
406848 862191
893663 936173
99072 780781
155050 976306
613776 785902
958836 976981
552180 629479
260518 809148
462106 821308
561583 828435
935763 976216
831742 854112
874338 889648
5021 79366
460107 934552
236450 686003
247807 763744
891493 896355
819482 896813
683845 970591
694084 765642
846481 890774
937884 985020
750499 773963
397224 448414
724075 782257
736301 986779
906365 979000
683592 938156
345482 438112
577349 985582
592679 801841
630139 772964
387790 425773
463379 524124
17197 105130
491518 521756
408886 755330
290034 356567
699422 837142
844153 998540
94435 292203
48910 770013
268988 918488
708338 717387
55392 417749
826453 922610
911566 960808
374475 414744
359140 955040
371663 973526
426195 464641
372375 447558
541893 573554
19744 260904
737577 888668
503007 903124
17329 366623
571826 845135
899088 997975
838416 872268
782178 910407
746639 935056
283096 751593
57035 465301
660876 667300
535622 815081
31779 210164
94682 439533
920300 921844
553083 573243
732142 770055
895016 973683
174883 245376
243762 807096
509746 802977
646848 961390
870118 915026
64678 383047
726881 745336
827750 944096
849754 890158
493384 495611
963505 986534
598203 775112
815638 873078
49515 936535
745193 811637
260722 700511
481462 760675
52191 524146
188292 551761
675632 854556
93216 543531
467653 530451
224540 795776
864689 970457
849538 920817
203837 850415
954963 968458
279544 480564
836973 890420
49491 968091
247577 265777
836573 874350
2752 25713
147213 173414
819070 906732
42706 600149
54915 89645
792978 969226
883899 980769
446507 725191
683603 951225
777667 851316
71284 772016
553545 603381
218517 374549
260399 303330
895447 955799
49581 887767
227707 857865
335116 585253
857122 857464
283156 537354
752012 890097
118769 808142
794051 796087
674356 899336
706608 898451
525473 654296
498292 922649
941854 951248
481033 849231
174775 714558
427496 636907
241660 646290
523230 617898
270556 277116
237389 974029
316479 443761
359813 472541
508341 741237
225529 924125
490136 632091
400515 911607
815367 892436
292387 955046
5737 565929
748836 936251
898278 917985
242699 411636
765874 968359
166430 964381
170769 903436
237065 859947
661139 905433
157406 566200
408664 473106
29094 312037
629777 840295
79178 441659
17909 322647
142669 581689
121015 974149
326881 436649
880114 990650
586519 667295
557210 767712
202673 297442
860391 937083
754926 786511
329936 709257
120957 915954
521682 842764
199199 741019
642298 770971
355494 505071
936977 958068
814713 871285
1696 273268
332724 709877
226744 635876
461906 639523
475876 520627
252345 617677
472658 522294
33422 785003
328974 974852
419829 620895
292709 503804
701802 764528
204725 899430
699143 706719
853802 976189
587831 744844
860949 941666
532526 874079
497721 962666
878384 965943
326077 880708
509424 908375
74822 647609
289469 993431
901227 941274
206481 583812
860410 909923
693459 863210
158340 682149
616736 765622
789955 798041
242167 654678
931505 936562
816903 823863
28569 553318
123475 656219
748341 862943
570652 711592
420098 654791
366972 402293
461669 496840
674943 773786
620913 807140
170949 418141
165579 417517
86056 768786
850073 984730
347080 477290
740575 960845
737061 852574
986946 989101
711338 754752
784491 883286
243368 410495
914844 919877
392267 901861
421297 768375
538491 634002
869227 988963
1861 471041
625827 809645
451658 662660
384835 965118
419085 464656
433633 459924
705902 869712
583041 964097
709520 715448
266666 515846
883988 918975
927377 950995
317238 530878
740184 740568
121524 281320
371161 481925
312906 748697
372081 967945
328543 669387
109027 257579
837484 927306
242892 540463
472764 560180
661771 828625
543851 987912
191940 974417
304065 878077
307110 840755
800193 910009
911698 985360
806328 989403
117034 463803
201161 756231
368113 585119
238454 504465
417985 834622
875120 923154
704233 724493
291319 394070
619284 948006
773216 819868
606018 946106
771796 958977
780146 814530
105044 668317
245319 256181
134995 630467
74514 536852
572492 992668
52634 884176
469671 866621
193677 784465
819836 975879
929791 988515
250087 516276
834216 885620
703509 799634
935006 963322
592546 638138
369080 390369
493582 981951
736288 982822
614751 976014
197443 404362
605166 783662
456303 779999
973940 975942
458841 548755
81914 724048
381144 865318
931825 956300
279136 768512
407053 886956
502973 863032
978910 995557
115565 858651
23322 241143
536845 775823
373045 830547
132171 858799
457280 457313
652095 928937
250400 701183
952097 972104
417308 681475
64177 428537
98063 197256
781444 936148
979385 986443
95175 706316
849481 853748
66455 434405
439211 856702
247324 912534
295469 906097
515042 907259
577834 849049
21251 224508
354160 810510
962025 983919
92327 815733
230796 952747
690830 713328
926849 991500
72263 148053
172803 360061
758980 822023
325035 494076
850694 968293
531874 943308
112216 669693
504168 630994
959579 996573
290946 408801
114398 156830
916700 986776
946246 986101
30182 742938
861768 969064
431859 632971
187286 624007
205669 639908
485637 770395
726355 792282
135329 426072
435311 704737
361932 831303
915278 922597
998486 998711
326677 526618
816265 897245
698513 779213
380885 664440
426178 781380
156615 872194
803222 910492
395989 981209
799788 973338
734215 989545
966013 997620
324596 446243
501326 632808
235827 680502
393643 490112
187473 570918
411333 777454
3419 984960
355684 401900
668686 856230
966282 989093
684654 860743
13366 270441
524700 911736
201322 573665
726991 880881
840055 916402
496889 987491
175159 736345
687228 735125
485850 923996
47354 959823
854639 926755
537403 795773
602309 941770
36212 847695
591032 658090
944724 992685
680744 810953
921520 975161
274750 521876
371438 848899
959402 980396
367853 832584
667542 690668
956713 971863
582420 978203
279892 601295
473238 924980
818683 954139
886692 911116
264549 800834
789605 941975
781605 984868
324083 460432
486890 866957
512038 807116
89490 210458
670680 963823
352251 436787
313428 593939
202049 802021
780060 953547
596196 867712
69078 278456
221119 974195
70705 894152
449722 605630
971257 991049
107683 481393
42741 250035
128835 176450
355294 361844
898220 951910
28084 926469
527409 615442
79903 157780
292520 946910
846689 916263
692710 696362
239777 388016
960972 972318
226887 794115
760123 821973
427217 655256
272554 303309
591168 615307
667489 779052
851829 947846
103852 269075
155104 769793
414034 580299
193269 491692
558048 633905
357190 958009
535731 819629
371116 394874
639844 914687
846576 911062
463633 797222
319977 811639
623801 958940
297372 944944
645960 851901
529369 921271
86850 562611
676224 981434
515792 898806
916852 976920
201337 480687
179506 644865
919536 970290
437701 722365
361487 901951
613927 876964
341037 792187
505077 900097
177101 351182
850759 999208
953372 954773
324502 577550
619410 729690
379206 518234
78794 408871
386367 751351
842337 857057
880292 903062
740861 780338
522104 604159
413427 495073
58465 618851
105667 746686
350866 658257
183902 607867
872982 922112
800394 875511
382807 912898
974820 982215
485073 684072
223692 232552
327646 996989
547823 902635
471499 752433
353772 473169
184210 380138
880672 933908
905597 969881
420008 930253
529870 831996
983150 999949
79149 166154
55053 166022
76622 381642
299022 799363
404268 572187
590286 857585
943560 993324
653857 824082
446301 797280
447928 495718
564881 951633
550564 911299
287947 293414
836611 946989
225971 685220
720918 974548
756354 778214
263502 926733
111167 816106
804415 911387
905322 931407
425390 548230
180989 947171
633290 972236
473328 496972
845117 851799
67047 784220
792308 876451
855312 955685
154308 797030
256157 394437
863038 894365
99842 972132
573217 743860
683643 950466
315699 456687
700872 736654
397051 870429
451466 865768
745154 819445
987988 995254
725802 971564
17662 200745
300633 680969
17737 92311
311619 544866
793404 951145
463671 869331
757132 827655
798504 813808
531894 831214
202359 887320
417060 714333
969055 999044
324016 491481
745858 754139
280173 940464
892451 999538
305648 767151
871239 871788
222239 975975
558689 955151
623502 903188
202072 574235
164260 414178
670126 860622
287892 902971
892649 985537
582446 613708
377757 437016
445771 617781
547435 904503
331671 403121
278437 783445
216195 428594
180248 425148
174654 392544
631261 840523
586236 893973
178723 409495
839229 877739
931752 987660
804034 929690
491576 855125
950896 978266
986920 999738
736587 901212
974970 996847
57674 75146
392781 784878
958523 965517
228167 775840
377974 941797
695792 991424
978669 980954
849024 902116
341519 835049
15865 41686
553057 800024
755201 836034
798463 910201
234125 868471
143230 626888
769126 962127
344774 624443
872763 956624
431684 760384
263116 379784
174155 943684
566605 920356
204700 993075
613244 844985
525915 927201
788346 920436
548325 874199
710459 862755
520563 823549
945385 987909
140247 454727
652038 785307
357716 627872
779551 826500
228639 733140
534938 986665
655155 956594
69651 576208
507874 691434
535078 755052
178062 779427
892685 945011
981416 998229
226230 964330
784821 926910
546105 675129
110403 877333
385638 490983
343240 676710
39886 838405
805725 900267
360907 801057
428211 872181
323221 727584
205183 301817
700001 977320
914420 928054
587577 811603
752866 868211
640572 726836
846176 889582
501563 677941
688920 993100
506500 642175
566207 583313
303249 405349
13786 971958
379286 889361
606500 964681
676657 938449
719781 799043
624412 988514
526309 645533
318838 949560
308496 508136
565455 632810
748152 871999
355977 876921
119497 406530
331691 489665
766476 832143
313736 899844
259878 961829
378053 749246
728800 925082
85178 379516
521498 924796
146350 977208
278406 719177
722692 730852
681805 719631
444457 733155
210038 299980
214666 414523
361969 539041
291064 699101
613139 810154
214853 634766
368655 412964
114106 123844
500558 914961
220361 308022
815536 904572
751852 800925
945667 948063
407861 609931
590672 906417
767363 909104
200865 364752
887438 967967
769040 923826
572478 968999
789733 911991
998608 998758
266856 309798
777932 892219
275227 695535
674529 925291
701958 747724
396296 919342
786093 803869
24066 738072
749426 874192
148933 684140
31161 456358
977688 978800
789926 895221
788704 979933
817310 905912
885204 927763
441711 654294
433183 437441
754887 896781
794281 805118
23067 532804
537135 537912
183642 628869
413972 888878
487040 899841
371503 831998
578065 836276
215509 735031
8210 441419
913489 964567
153966 864838
558880 907710
654697 891706
125541 148026
475205 660686
467798 539448
481966 881340
765649 951458
10044 531016
61306 692124
486650 506493
594086 696697
318597 671869
184752 558573
213474 805943
662656 730508
226047 623661
686551 991293
275988 535392
798037 801914
815735 839589
684474 903527
706182 912747
201109 760538
597301 778503
480505 609045
298938 939464
654675 796719
491604 538125
659476 901305
961907 969909
396932 955875
646972 961172
777846 824997
767703 968630
282518 739182
744345 964826
629333 878845
481839 520221
347400 800303
376333 556972
380577 551008
443930 806878
268332 927624
648524 766615
944224 979235
219887 538966
456947 860737
696521 726901
178365 283060
815803 914027
429242 620092
793161 912137
735500 936022
685783 874631
496196 598466
375249 551567
653848 795441
275365 983340
691660 990381
489870 533833
142089 220424
994415 996518
378637 857072
77430 251173
174145 510956
678297 934089
676329 890433
794400 851311
559757 902877