271393 749493
728315 996090
937548 773031
805533 838823
877136 387933
513166 2312
777340 460278
108760 658663
363336 350779
518220 552197
642465 830441
367406 67958
627902 247211
198637 864532
198682 532064
345398 608421
973414 339581
643472 921413
644224 781377
560665 874211
250377 419333
764696 337251
394438 910027
51740 279540
743709 111082
986950 986961
981697 939650
20083 876659
291042 270475
450370 298370
995726 428404
493136 700821
404427 579225
97599 13382
313140 339199
863515 252152
835439 382173
246451 251984
314405 562804
861763 265296
90704 75274
628854 526632
423603 695288
344397 369100
616710 772499
895351 466270
335474 694214
925896 95673
897579 896866
777947 596960
33289 79903
116861 686018
458494 968916
11276 398877
122350 909544
868146 734111
112996 258742
373777 844644
551855 263752
259852 522299
227584 393821
679336 655077
412907 134585
917112 987157
627494 574893
623847 485936
812472 498930
159884 610771
993262 256535
272185 644713
634176 126740
78628 514422
378359 100210
17451 214740
897370 750019
300970 13010
699279 773290
781750 601843
429523 608194
252176 87620
344646 888559
391626 484237
652070 727917
199992 135259
812786 968842
390479 360724
11928 181406
72747 894618
550527 237595
183230 936079
740542 157892
294392 421302
636189 70560
441628 307933
631072 846890
942406 603182
222912 296494
293243 338097
672447 18426
852420 895179
144650 629327
965837 435117
310027 766783
754431 180181
167643 889919
223009 399777
567605 197572
343953 614448
33899 296447
610323 806689
727765 957042
826181 71313
377272 882563
751323 579346
510472 866049
226115 344563
153270 962574
950401 47237
56306 414405
261797 237703
760169 43006
37450 243907
209625 119901
323032 455968
11331 602419
807791 117960
357220 994930
510832 930682
358355 972325
391982 728109
820973 950039
856168 622468
959537 935115
264156 123700
65121 282133
217329 116522
951337 507266
120970 642137
736987 603015
888574 998166
245052 523609
774499 463922
793906 323007
957544 540820
895555 818571
526450 299527
940271 915198
114292 21986
181910 371944
850566 267892
880443 872082
834515 524021
781281 374155
235035 553648
159562 717100
593110 233775
268635 223996
176034 433436
819773 123429
887841 532996
668428 544787
813056 44700
580876 104304
359334 460879
530622 994331
324484 839514
357577 447240
983861 57049
547909 927583
107775 389465
184342 515622
802386 954719
183874 101741
907720 78909
360314 867566
319571 110988
588166 361061
135868 881525
18675 310754
312577 146547
229694 420976
374759 633626
525499 601800
323027 911299
393975 44624
287796 702285
534443 888786
454765 507260
528849 510242
32744 989591
737242 127988
850309 654429
196127 114398
314869 115000
9810 262706
543719 709714
974256 556339
229837 219657
248203 964718
843377 969228
753717 121121
219777 643396
230199 529494
962936 37212
24423 620451
160990 931692
165402 831397
474024 135604
635131 761924
719978 769974
769180 679814
19914 299309
191444 60501
681043 360227
722216 211730
541735 293375
512142 966506
395979 346221
466607 811152
259479 882519
454962 968467
644088 182347
708444 204978
528153 736632
915217 486454
500223 654855
3428 918641
181949 761066
66093 53629
798373 300822
421422 239233
863820 575662
99792 621603
517270 440462
817249 433561
982750 409442
399849 692824
604311 462565
59606 415586
175264 599161
527660 812639
483822 887213
907460 938966
859056 171259
254625 756260
842397 334624
606579 613154
190652 411171
166950 569338
311074 758866
853187 4510
17787 934265
664340 799798
661058 541040
669889 834209
570688 698499
394354 85052
179129 746942
54790 743169
186432 136547
367834 794857
628516 439280
16056 510878
738620 753157
660453 772324
856187 329390
616086 431947
152934 667989
215685 280459
705710 104882
732848 94779
666734 791450
875924 65703
541069 313043
134863 462865
763391 571389
702276 873002
842005 88197
758734 470517
121268 980675
173406 337320
213765 713228
549480 524833
595732 801722
86593 259763
592573 191112
801797 930931
927105 347710
305006 429094
959336 935807
242786 813203
569595 232722
722973 340697
31587 525545
523227 465399
776235 841909
759105 441724
97871 641389
178601 434236
272273 626709
9325 166661
52141 165524
90554 373536
423705 391466
211651 981062
498377 681694
531408 929433
574252 118936
275809 877687
730254 523916
643583 288581
338193 910263
988049 979098
952477 980348
485999 642464
90313 174751
465211 288388
555824 369884
323724 158050
656996 285536
400340 35119
826419 278377
48339 630958
949533 67723
784995 749368
558080 989967
954653 303502
257055 954803
884724 544684
652116 767331
815576 639464
76465 832400
352888 533643
234694 540991
540759 549265
655072 696789
84718 24633
396928 736123
422308 107334
877846 622329
822262 830557
885179 923987
386185 227331
581650 699893
958690 971769
471242 627807
441884 414364
850538 435693
314274 380304
228300 205008
400807 121844
925579 398892
350225 958264
658323 733398
181744 61848
52510 625748
578757 886871
728700 57014
745990 339828
47849 693391
771448 147045
69183 984149
851531 71111
186629 297337
81813 57934
457732 446935
132696 477907
125508 685442
360325 221319
42174 123738
217816 202662
433006 841534
874814 303289
110317 328158
280043 328055
629627 341007
382949 746540
262683 375180
472540 871580
417697 496750
95686 969036
329694 579299
621802 785544
447347 160363
854066 104986
75609 796173
331979 764550
648001 653661
34220 835067
86098 29605
91393 719623
114975 464792
673349 960028
796255 184468
352992 204612
495605 679441
498785 283175
957727 969601
60059 328566
497145 278125
694267 966762
979360 683346
544577 597739
896801 76869
248890 627472
842790 78026
557770 721371
521188 709096
725849 697601
330763 570878
540697 362378
45387 75477
434532 590558
10085 468304
460787 730289
171604 650247
791732 231642
815450 507907
7835 232416
681736 858429
862872 735781
714511 177666
962127 749882
986462 794597
622811 558255
697085 358695
765065 573305
173172 669250
711493 395694
520522 421892
396251 370360
566354 544963
463875 53169
464141 384417
369532 811668
365238 371987
830616 181736
891066 337058
993237 396237
304482 256568
445791 559259
107068 828376
188797 742198
143698 81301
151105 708778
500968 211971
939075 271327
239672 336536
568520 228755
210268 696032
795365 387702
449021 284816
508912 422523
294959 231119
394354 96102
867324 523055
151042 772674
779889 999047
102390 443261
705847 120116
711985 741016
737523 795270
296958 515248
856476 967545
694431 43955
965720 63684
421805 258090
279128 429927
483452 756794
230404 201257
167798 908126
876624 848667
683172 830215
612764 727731
556968 531023
462865 285080
1172 386609
559972 822056
103047 632093
275028 434666
2729 178174
753722 611413
891527 922904
4041 999075
790034 622159
101954 40874
409392 260295
941041 605115
39238 821193
213765 25400
902451 369284
858464 351144
653101 756769
822420 282511
608678 792448
766511 393752
320450 235306
928209 855534
998496 391702
59994 630692
48844 657482
77299 231399
115318 886275
233382 729984
57459 712866
408425 441702
14879 481705
156849 941727
119099 228747
299671 686207
256105 877083
99126 813027
139950 50683
760269 903396
192638 263665
557844 271483
708388 273102
640558 963794
585965 770755
225003 688081
991715 738360
729492 623460
180935 703241
765703 725370
262500 775376
480061 155648
425406 205535
9927 116447
33703 779490
266542 427058
687073 760469
889108 38115
969245 149102
182492 26443
243700 379972
168948 235427
131652 95447
948401 483303
221538 807418
572390 204450
170842 264740
724595 35761
20481 122053
560651 216084
765959 837223
161893 748425
42543 650571
150797 468917
947325 971770
940373 269239
529404 653913
984137 664587
273160 759045
507738 950355
551713 401204
717814 529260
731048 102851
723305 654519
715806 529416
551989 529621
37765 570882
333550 737264
121232 671549
343597 366876
918289 38084
419942 119646
428296 38110
849035 617660
770600 323866
724124 518638
256346 465642
246023 925688
381191 527463
948684 349861
855368 76277
810821 341030
194438 143350
720929 598054
766655 757473
269388 780268
774316 935858
609515 45360
387575 358508
554519 447192
49632 474482
728270 100453
63948 130956
119692 909699
536745 828917
38973 692001
121407 870115
952715 752131
755715 994711
768561 411224
165869 834817
236833 338301
762521 555655
514652 477517
124374 597173
23566 443266
892866 58252
37862 651372
32450 291130
209285 589253
167581 624198
669029 543130
436927 796193
499281 910965
279542 892946
453442 840293
124126 736111
782025 615162
900638 885277
645527 186240
24444 118267
611069 709628
25791 125453
98898 884017
162892 246630
443146 136857
47581 776970
297518 466111
4331 757893
426161 142631
722713 109812
651256 844606
415281 509991
421140 220505
417106 74657
211880 404154
581539 583179
511508 898852
573636 436509
939151 533285
603837 400276
559511 921153
348795 215393
998693 264397
74700 193300
46240 757919
531195 746712
910233 352736
865893 862823
761433 431301
742027 983756
560106 234507
39435 635206
731658 521297
559898 240218
618903 583685
400661 821711
920722 501129
648002 383194
190057 678438
557301 351018
558399 409005
213657 113074
357392 648014
152447 770029
453055 273778
761620 893067
18795 449046
906170 278887
38291 619628
427264 53295
395102 931721
919591 375388
411152 397551
420863 438929
932660 224099
786040 422077
574526 962169
138635 652671
563491 646332
733797 895445
72875 905686
238432 459490
613235 435773
968578 15802
251956 369192
592952 330221
736712 810684
423969 59992
732752 124119
370203 972010
805566 424066
810880 143098
217895 779270
652200 972656
136498 869702
378352 306445
548938 6577
437091 938916
754640 550458
314162 509780
435217 82887
532320 273650
598682 52625
333736 98968
438811 930749
328704 521876
286218 217770
271092 320930
649366 359407
608458 799280
400705 802870
559964 932797
190070 201032
966256 505961
804057 16111
867675 38802
795180 358489
711154 674006
827650 807191
8088 964346
628650 417947
527412 929819
697074 643053
795793 167572
901457 499065
808333 778974
480422 582314
776656 751326
425481 990694
646681 160423
723782 784595
562170 63353
701873 488740
997466 79486
372870 892957
560539 634116
179618 159567
959574 84190
178246 368131
314367 733788
177394 274321
634927 929258
697821 785396
661884 89435
474352 589942
983941 835367
238876 878510
818618 837386
67272 568397
978275 692402
555997 250760
370877 460573
316228 236587
765227 420918
899100 200297
162793 729682
553605 931426
495178 608827
562407 56516
206629 959579
530662 867564
529903 659056
80133 746314
314010 176678
819275 15278
563167 787853
482689 55427
646273 797890
425119 674429
978861 26022
126827 765967
478035 169376
686070 266229
546667 138848
666018 811684
743771 627245
66967 32270
237361 961551
389991 412168
955576 39544
558411 285941
436442 37490
442881 823902
307278 610777
407003 880383
880257 530960
621208 534342
893207 957239
586669 180670
985885 708802
755983 497080
451422 484446
69732 977015
554102 994482
86383 587863
253308 868519
927987 362514
71269 316523
685262 501830
893337 120880
960201 968543
180535 722533
117731 878507
499289 6107
17531 302157
444843 113884
982541 518578
710086 809784
965237 620945
542259 566372
972649 438727
203069 957818
738609 27091
708383 393784
340222 720133
328433 104988
731033 833101
922989 660812
997065 337036
308559 639375
201879 100908
303227 72757
500159 680818
748591 870604
430487 892815
908093 335031
764754 830454
512133 131939
589199 436173
310152 228462
394114 761210
653620 862589
592140 46291
256788 685582
606510 35564
931250 126011
842898 137983
957243 946762
492279 65620
573574 423145
485350 32842
448709 921226
867196 138095
127343 944221
285974 532337
548983 629420
446652 434319
20443 721785
266112 462717
122530 528712
581212 791196
903159 639669
565224 523122
34480 489251
103028 465253
267088 596143
619066 110436
470658 305989
216385 786164
887627 885092
693714 464832
332856 253911
932627 581093
494316 861823
731710 352252
316867 317408
703852 337072
262752 602080
19421 199146
498615 270627
802352 507673
613519 772776
50606 620720
480237 994900
581487 827521
204633 793251
655634 244051
875650 606186
355479 195837
231990 773646
78135 532620
446659 30524
939290 947025
803129 699602
879702 720773
271700 220582
408159 347426
185286 806543
832580 187328
751412 464667
508778 297584
935522 623706
984503 177832
490904 604104
970017 995053
462511 559842
567915 56707
28712 275988
984719 236607
107400 348847
536593 497852
499697 306396
835315 79410
449337 528439
899445 993237
318328 7286
746157 184376
615070 219092
905271 889508
165219 853911
420851 108276
799754 595068
399204 190277
601355 24975
223408 543945
362764 601089
328965 658216
358561 519800
327468 815582
629877 288892
690629 765093
901810 4984
757440 764045
839615 945169
468465 210752
874960 468624
895084 881247
66756 849146
870589 348915
977893 165799
841656 452914
170594 511752
444095 356769
503231 119066
667704 908536
489369 632780
481224 871219
6898 915972
718622 840931
690582 737973
958086 108358
66564 353401
156284 19638
741543 988485
527080 65932
122887 15358
622128 184700
115833 806660
569806 973327
678740 976286
576538 28330
683975 575090
745277 53299
642575 590639
171941 96237
922096 688829
176473 85328
184369 107489
550535 876753
245041 256302
46816 663419
956590 909824
20733 187627
962603 782261
878704 429440
160719 918627
146579 504166
631572 842737
768358 796265
11003 536267
864157 571964
483190 755601
89078 785483
942180 446155
615189 37930
780374 185932
834632 41622
202687 106409
798809 660002
235213 584651
30311 987372
766588 437423
296372 764708
533431 958022
674178 335630
636428 331872
430123 968278
128728 582380
665922 514899
355158 837320
821055 620241
409000 242291
25308 389269
753302 336128
510664 965495
193652 823693
864262 208113
238781 629106
173932 679752
504614 839345
820873 903801
157380 875650
880779 859060
317110 999848
948159 727286
