583106 317758
846533 857481
917781 926377
891248 645800
209090 267925
852971 304301
690077 645728
227154 961569
705641 894778
554211 204201
342339 246922
982594 911637
202362 456278
362194 778931
494028 198008
523345 552690
18708 478309
992888 556673
311905 323563
834746 43301
442667 546922
745740 271463
631824 641993
250623 758152
786833 223856
366589 977633
698110 402490
619044 849272
628020 966984
985275 369456
493479 789381
136742 625045
945568 212701
948920 359892
950137 630406
684332 947377
950032 945961
259316 225785
605864 224337
197085 642914
490216 364917
730805 759061
708047 725253
369068 655418
517369 656898
212750 844397
547319 125802
317257 919527
96677 383980
775267 528834
8316 747699
8077 362323
568620 833347
950562 48327
884702 656017
432101 148038
492263 246522
95343 941595
366554 45432
614395 279949
988790 818880
117133 82743
865531 309406
178290 217275
796192 761404
376789 937502
325814 269817
426569 347955
111433 603321
751248 819237
932835 781007
942523 109907
275373 606489
957593 400837
178559 754815
937745 291850
637415 738581
385723 408172
836503 161659
214556 880131
631379 672698
693944 8009
372841 871048
353445 834451
143604 42163
706323 553817
287631 981031
971172 135649
639463 877724
463139 56014
973852 966697
317245 575311
155153 188428
830125 396797
312809 154097
176185 850625
204056 217699
818391 251551
37817 925274
180917 298703
870511 236298
814622 685467
912915 768667
294262 154334
358734 418759
495836 274211
843767 94401
23412 188382
93843 605703
809556 162942
457452 578380
561243 461000
76962 599177
177519 335941
490084 962038
720154 435406
457395 335066
365603 253189
123950 713524
426726 351046
461048 205344
855780 251496
978608 236947
357328 562274
613553 453794
117089 667183
367929 284403
604838 541976
835420 87610
453806 389683
367696 970777
937932 807958
718395 469469
46228 429318
986859 70590
923011 663936
224757 973381
976068 426661
893911 512335
639714 901376
699339 394458
658496 503789
427723 905682
679439 434472
989408 369080
68560 657257
120106 484278
964533 750682
293522 514940
258493 599767
222286 441387
21001 825243
666184 38218
571555 387883
571697 112098
232647 204412
451987 267060
985887 849958
936933 294418
471505 682348
282915 607944
90764 125185
144913 840384
892223 801529
772467 499869
623672 795433
63265 961062
460952 3331
608048 893713
911616 834569
444612 713817
291549 465527
12840 699390
995975 734083
895488 987116
836013 95834
1490 537292
391949 586485
831374 679095
27550 960864
280699 738770
596732 152014
878551 131522
182732 790710
496928 969988
608977 316001
287039 561498
733307 239018
911151 651050
804978 776256
326402 314652
475425 348754
38005 264121
944467 446913
149165 256681
647585 320344
958374 519731
502000 382000
306339 489500
856178 245477
679562 549209
719153 200648
497835 147919
626809 720235
648468 177179
786493 228651
714574 26632
265425 718651
99558 993962
319258 623028
929974 666405
619870 590343
161472 780322
61154 713297
21608 934136
643884 694530
145017 861508
17441 63145
928127 919186
42356 600812
450435 785723
298266 426002
649391 501887
125236 125291
691215 764260
955354 491699
721995 891502
406880 121424
187923 273898
68339 103705
36700 517717
768953 473801
206550 139041
948697 851582
108268 74101
308859 540393
58311 781220
281229 472204
111860 836946
55917 981157
113989 537997
599692 883121
147018 625156
661117 690339
791842 296688
536622 967010
760432 867453
127574 334703
564743 938889
758859 306116
451505 836637
207576 524262
793110 644893
633122 49636
769967 235513
356014 45302
554074 618328
470810 541808
639808 774668
247663 522392
397297 92168
658982 862567
320588 369701
966388 881407
79861 761408
749578 413177
640906 394996
814773 836243
176372 812734
896529 766128
992160 689007
297768 232672
720148 400278
227022 337542
430656 641856
162025 473020
806359 903607
280214 823624
758178 100475
324570 595739
409722 40597
467114 45437
847122 915136
53808 520203
925894 144982
805041 462833
854631 793091
133079 105826
811796 534202
528385 525383
369249 15320
621466 934054
220963 176113
943708 852320
592124 678136
420586 444822
822937 896860
339852 845318
383515 980143
837244 459726
244626 774927
958604 555558
7037 440967
845954 773259
189183 131964
105211 375146
865774 963226
16056 590799
687916 470996
998710 955698
555243 349751
185467 534181
308140 263922
412532 353216
145323 722302
938667 587732
724190 35816
987403 879762
896754 45091
622932 806327
698810 437907
202777 495983
28763 705688
448653 293611
800375 213145
371555 929737
535332 894995
333804 263252
185056 36397
886303 545949
169131 27162
581697 847169
516011 236411
587288 289753
957702 473581
235386 576135
839510 933922
510307 53651
431774 773772
649498 184790
541263 772021
140765 82238
491334 863567
989166 642241
22784 957746
438343 352165
323963 54591
247828 858640
794316 765252
136567 346686
968999 262251
683523 711607
62308 812107
526615 79303
725178 295949
397085 568
591216 183251
31447 984374
976242 346787
642486 453346
522332 661453
252182 793138
749839 627447
252473 45572
799623 337855
158834 572294
237570 645230
144036 647980
897003 875912
503668 642620
905143 289690
361664 37614
565390 172440
936644 953595
809711 436239
294939 2886
72207 979522
304328 809288
228990 521526
565394 197526
783315 803408
528772 997805
321044 691718
927621 362701
492596 810302
750481 165597
269020 468640
910433 135583
816567 69128
255191 244651
923113 169733
49131 315153
766491 598462
735977 688850
769831 201053
746109 269463
497253 859834
89092 424048
510000 88829
906647 771492
825819 201385
25917 323498
951664 733878
1881 133986
817836 947347
419015 859228
854518 355743
396655 754412
331904 869677
110488 850952
687270 506167
103214 88416
202283 143067
901938 774795
269562 298765
720938 797227
138463 802826
239877 329312
831644 8203
622076 331821
360438 590135
924296 666335
321501 28637
569795 891031
500936 406069
51482 65544
1116 376257
579302 975034
219778 551063
896408 188466
931611 587403
233612 4053
127091 282209
669132 278592
273557 621376
8007 808276
397273 386145
230287 600231
736353 543785
530678 267062
211271 129149
322216 818442
76042 299501
112941 714850
852302 75426
768157 655466
227676 525009
136747 78930
740386 266686
251153 445193
791377 697693
85800 318491
895602 273725
78103 535771
343537 399209
170513 653512
595585 618641
692345 611847
647266 128111
9728 270054
254944 83588
90706 809105
376398 926498
546527 563246
939592 412486
773839 278897
175801 976881
669667 758022
310599 687983
925712 149512
890087 222047
196566 753365
718228 378827
891577 978021
229960 908767
670424 987750
779219 394164
983119 119984
97158 459477
965425 391651
179221 502966
27834 775867
904402 255792
416134 694323
191160 77449
631911 711635
816915 373175
923049 170424
704095 265679
459358 177445
837145 155194
229449 108668
205955 334382
177629 812477
757403 390307
615612 889922
376062 791779
441582 901898
375386 118046
927120 244045
822984 598890
290145 925226
166638 451289
392943 425612
3649 972300
747232 309544
75330 290311
263621 943089
596910 23237
258410 208481
294622 611317
975090 567237
538730 763137
276320 105601
105650 318265
492581 887040
695778 307618
562108 284967
809893 88340
349135 880807
132171 189609
934012 857307
806964 393030
242175 296465
695100 411725
507777 348952
605944 977784
454770 362433
122817 24176
47626 311419
784006 594301
836129 477629
158815 231495
88093 609646
86756 412795
924026 841708
785845 454818
703816 52594
763874 872350
754596 833494
793132 154805
529885 362382
294347 520938
855274 200614
602181 160089
624805 692923
762280 932162
701171 705609
559455 981364
775943 248087
330980 44284
511275 209441
879509 210807
75203 626482
439351 824768
418656 3185
448680 433807
27814 885439
483315 252869
96577 795
544160 63567
406945 103516
672841 211750
384100 548763
646516 979296
939168 239025
405853 243220
330520 593057
696740 751564
498872 206343
313218 662425
180876 518206
259794 650515
237236 376994
413494 242659
275447 118405
291710 979941
162942 563364
40649 536861
846591 416438
967931 50772
363097 605846
742574 175177
890501 76897
667547 530842
6219 318495
107795 218322
280190 980321
214503 472841
157047 962680
886399 790147
929562 78906
488615 937195
143274 954976
452626 475973
157253 704986
61335 451935
562637 337014
555770 838700
180451 971171
219259 867729
596342 747148
558041 487430
641300 592264
609313 200942
225913 67688
496572 835329
934758 387334
624131 522024
950112 243810
271907 864661
357499 115481
885845 314211
337642 484779
944323 908273
3127 460674
483928 47593
3320 842014
776516 303786
839034 566390
826016 255037
263668 808336
336847 66309
345775 370264
501624 233582
942337 199756
630895 538400
98169 725055
482077 560701
80319 97633
81826 580053
869494 170603
345964 278458
742156 482629
960781 137175
763850 746533
423278 316916
917939 196740
821968 529198
629500 556697
80935 126936
600592 609872
476727 621378
394645 609177
528943 772496
313248 747464
198804 199134
393112 377428
486665 170476
899204 581061
443994 267011
817249 165979
158043 417176
626869 789977
804453 952059
612287 575687
635759 876396
115448 467223
90035 400309
495014 192919
805246 144658
421740 600791
210060 460837
158126 522896
474045 892269
13607 595351
856084 825632
966814 856992
950603 481575
558841 483732
783411 682546
325156 791376
619133 623854
749519 977418
880152 578030
165011 473948
300879 770031
587437 113807
595348 409204
124045 957797
71841 354079
228933 766248
739635 504433
995243 580674
973694 967412
481022 572510
162750 381972
626509 129574
851249 257523
577493 258907
174769 101486
605290 79845
542122 897989
452437 258492
173052 577892
141842 555408
644667 710839
741409 208320
314731 863265
226242 787417
328673 808818
280205 227165
695455 716419
212272 181418
853748 597698
185496 850983
859695 152702
592114 465948
890239 772873
305918 608168
971339 827452
952334 642824
507351 666464
344596 137427
748882 864434
33452 164405
489643 747777
541708 297779
172955 674952
542723 340010
125888 194581
438224 110136
161605 7621
27135 787075
652166 495107
982810 751504
440845 352279
529447 652089
483925 177935
110669 237997
601279 723254
409650 585478
819684 285366
910616 229732
878573 707821
18636 165754
704635 534416
962387 733655
537092 600787
310228 987520
196007 833685
364888 520224
641031 861861
446341 738124
434317 665649
860931 481427
73413 178089
975109 563581
498955 413125
361277 470930
461067 434439
779644 283707
804491 735776
752365 50043
126376 70084
512266 704498
167309 376585
312799 565220
795784 249831
967465 606947
42619 446344
535637 997063
335018 412231
797353 386037
395836 493386
419873 37021
421799 324378
538214 470196
770304 635136
758985 691778
305657 879189
365794 329232
56803 844172
264811 845600
233044 339495
912768 413791
172122 225582
671483 642976
781282 364615
420483 680890
231847 517443
142761 478873
27985 190248
745368 776577
760082 727320
309771 323223
47515 491592
782904 959343
975851 206810
290363 438265
90100 511072
807477 305955
106980 791130
583381 576448
110898 84429
719431 962759
92409 586492
779770 522293
961141 89932
436214 823830
82249 502904
643323 320776
304727 838014
609642 63792
454601 8670
78507 215165
382189 400643
528768 415482
172055 141113
560053 223771
227111 521651
656611 304290
335956 224805
602090 916713
244514 799752
228284 894590
156860 588134
701829 894326
759184 671185
411270 378502
63245 977682
765092 578171
814933 198996
651891 725228
132142 743155
2733 915037
444965 487970
139149 706425
464276 697387
500594 13221
486965 607163
411263 64654
919346 552655
433979 83338
678580 867678
409627 107985
334164 908785
218334 734568
912339 857504
59441 516498
760225 249439
884398 447559
929375 512307
486221 443500
982773 998928
631924 372231
390165 234613
351647 797311
141263 130301
243305 619617
110440 903122
975879 526864
682972 736387
533300 640325
133400 782321
494273 236486
488723 681637
190413 653089
205098 525980
188330 103767
278695 115335
149214 234795
328429 130579
850923 669175
393929 274777
294856 952562
583228 809481
347686 92347
250582 95029
815036 793484
348552 551387
757572 918357
998314 751909
348170 747810
483954 647880
399031 203017
40344 516873
17714 854336
384908 481755
210649 434309
703226 564111
540599 627709
601423 801318
620225 601905
859134 647680
803331 635939
68270 162051
686845 958746
399229 610737
560275 779885
370527 402756
150075 790464
78369 536251
445096 157784
984201 833290
189944 124053
532859 607195
304627 58312
23748 73088
778951 306532
993165 275143
487718 199967
456417 567287
810101 191063
235627 268331
543540 218354
878924 283454
287905 593652
156572 750274
459749 846456
694853 422746
533520 136645
265237 432287
149239 280839
22586 712968
439370 801511
418554 387091
76487 445790
794924 694890
990482 505315
639103 567627
968721 497645
422893 277518
160293 566547
704678 257022
764188 623155
420776 973167
138766 415570
434343 316932
727537 820102
702703 731806
550454 764949
687645 646454
902019 266937
885012 558283
688162 918967
342392 561653
831750 322842
63993 591679
458840 226737
715133 226692
749202 796573
527096 106759
934684 903711
705370 321407
216188 747289
112954 702201
782490 351164
7290 29094
15633 295792
71258 28288
989315 465686
42801 331702
77616 832173
11335 100105
531008 606587
562264 482219
714245 690405
607917 548532
87992 738982
290507 605229
99006 366848
983153 427910
410765 44770
976016 282332
615075 545858
270634 957832
406554 719727
105772 410739
191628 378925
113914 984772
341427 455323
286181 734188
321406 598606
276929 660478
731226 860619
966574 963611
706836 417647
380316 721694
256688 266602
3266 642083
281950 983819
197720 306975
925936 926523
111397 697273
920475 447155
120711 491491
951559 189267
837788 740107
521424 257363
706730 221988
649242 402360
873940 530186
831892 486035
184495 566593
28747 636176
731858 784044
865210 184670
55817 678501
648786 377759
